750
835 288
847 884
912 487
670 700
52 432
469 418
528 478
155 68
157 758
846 940
10 64
952 65
88 324
365 234
977 632
300
573 810
903 484
452 224
583 769
482 633
49 637
553 659
840 752
751 57
409 398
881 343
27 902
32 918
147 930
30 927
137 335
937 789
982 635
26 37
474 168
373 95
872 816
625 876
12 359
242 152
113
341 53
475 175
115 271
808 828
458 634
537 215
566 774
20 445
162 618
543 749
252 711
227 171
833 338
913
825 353
794 882
286
388 781
344 207
737 226
413 295
622 198
470 945
984 128
664 949
866 126
832 161
805 503
166
571 71
231 660
402 589
313
521 221
973 375
156 266
817 117
134 793
150 883
770 824
661 97
262 427
199 651
129 996
953 428
841 753
572 529
307 868
797 699
681 47
243 941
624 957
93 709
173 76
105 191
423
756
18 563
91 322
40 580
169 916
522 974
45
612 250
92
244 967
408 253
534 492
188 280
716 636
991 310
290 172
744 985
800 131
51 84
894 403
705 577
34
511 306
703 961
728
249 578
289 180
434 657
675 545
879 102
547 684
259 116
665 185
437 579
8 598
524 399
386 58
795 523
735 782
270 269
723
627
67 542
929 673
490 390
133 248
5
857 495
995 980
44 904
721 892
947 2
108 696
714 552
304 773
124 96
151 958
146 834
494 630
111
15 104
236 698
412
584
263 798
144 36
814 54
936
803
392 600
355 517
969
371 710
94 783
861 558
461 395
72 607
662 331
796 363
99 384
415 291
459 501
204 999
372 603
183 449
581 496
426 160
468
339 587
695 590
932 981
405 965
956 82
920 61
455 206
165 595
438 264
153 69
327 535
241
943 123
410 510
689 838
382 163
101 788
525 871
422 337
873 946
740 901
451
745
480
285 464
325
118 564
273 585
617 417
615 750
732
504
414 759
416
481 762
25
856 979
383 668
963
779
350 715
80 143
336 465
471 512
993 586
858 246
707
444 257
686 237
837 79
182 628
885 683
643 990
368 806
114 568
557
509
297 366
801 385
609 818
497
200 466
159
370
31 898
799
619 190
436
196
653 919
518 223
513 86
591
964
605
867
401 909
620 968
394 66
22
775
906
765 631
813 685
109
820
181
546
544 119
292
648
318 498
988 666
28
763 238
697 934
644
309
536
567
23
960 476
6 582
704
279
145
768
726 85
376 676
329
321 599
454 214
746
130 158
139
674 928
443 46
330 601
138 897
387
125
951
570
195 419
179
777
148
411
424 910
48
688
907
725
472
302
559
887
197
654
275
915 59
407 55
862 717
562 218
447 548
311
853 911
202
890
899
533
742
406
508
539
210
245
771
560
576
760 0
588
645
149
802
345 731
550
217
127
891 720
860
83
701 608
154
70
561
87
211
256 527
251
761
479
50
638
706
836
277
254
718
962
393
225
78
880
4
314
90
247
255
924
219
278
404
994
193
488
301
736
38
551
348
439
103
294
623
502
830
594
712
845
381
848
201
724
189
19
896
939
526
216
298
11
921
485
13
606
287
364
81
450
281
228
942
541
555
954
296
467
815
757
320
855
739
349
187
629
812
729
922
367
997
864
641
992
356
933
89
878
852
208
167
260
877
532
499
616
755
184
677
435
268
516
265
823
844
905
463
457
886
708
679
819
360
473
500
647
926
754
889
950
908
391
549
35
460
874
831
792
21
203
429
614
7
106
507
430
333
462
9
60
233
358
272
987
98
347
893
626
433
41
613
727
305
923
556
972
900
456
120
530
986
970
575
267
692
669
865
352
389
3
650
998
821
400
229
232
863
604
663
870
687
975
597
978
722
328
671
776
596
421
925
554
888
702
362
178
839
361
778
332
743
73
931
850
396
811
209
786
39
29
610
442
213
62
140
944
719
440
142
75
827
100
826
493
24
807
574
274
682
842
346
377
611
741
299
804
63
505
849
851
935
284
283
261
319
656
693
917
136
446
177
787
895
240
875
453
869
222
514
593
303
379
519
235
397
791
483
733
672
658
667
378
989
205
77
983
312
520
621
316
334
506
315
212
174
785
186
276
652
640
538
955
565
854
694
491
258
107
351
809
380
369
690
790
976
531
230
515
164
176
132
112
74
639
239
738
713
822
843
966
680
646
766
784
342
425
374
655
649
489
938
110
293
540
121
220
602
1
914
323
135
16
829
42
486
170
441
730
308
431
14
592
43
122
141
357
317
691
354
340
859
772
326
678
747
767
764
748
734
194
282
192
642
780
420
569
959
448
948
33
477
971
17
56
