7501
74460 75983
69374 73037
67020 74320
68968 75933
66926 77493
70185 75918
78769 76717
74578 68873
79842 76597
67919 74567
73795 69390
68078 71824
71663 72874
67128 79238
75346 73396
67033 77121
77505 75786
79235 69633
74711 65947
66739 76106
73588 74891
68153 78559
77477 73450
69654 67084
68944 77215
67913 72627
68308 71361
66621 68069
69110 66631
75085 72379
71576 70905
78293 68821
75588 72895
77185 78864
66241 69549
68213 73117
76182 67775
73730 78202
77668 78848
72980 74648
75586 66205
71498 69064
76223 67389
75623 73551
78896 75243
73178 79651
73882 76053
78859 77271
66112 75739
74749 67408
66821 77736
71730 75611
73696 70930
72356 75469
71231 66134
67950 69371
76093 72789
78023 73780
78079 65415
71476 71949
75490 67682
68421 71318
74149 78486
70303 75743
67696 71138
65624 72009
79216 69707
73796 71846
68314 66531
72557 73919
75228 78258
67125 75979
76561 66139
76369 65303
71137 75365
69101 72942
71523 70344
66877 68141
68889 78068
66530 73900
65582 70229
78365 72102
72401 75223
66905 65725
76837 69696
75016 68906
75148 78989
66869 66018
70667 69451
71013 72875
68989 76138
78098 66121
69515 79343
65346 67375
68509 69604
75154 65426
67930 70088
76043 77491
66458 74401
79628 73294
75180 68812
77921 78303
66081 70136
69475 71019
73987 78588
74501 77070
75603 69240
75977 78523
78502 70661
74562 76074
69678 72745
79896 67986
69756 70480
65304 74980
66848 76801
71350 76300
78075 65154
77894 71515
66929 74796
77846 66010
78015 68007
68420 65374
72411 73183
65125 71364
70434 75389
76595 77231
75446 70214
70891 77733
66750 78089
78427 77115
65676 70937
77859 70003
74929 77235
68215 75076
78711 65948
69910 65262
75751 72364
70435 77107
78500 77529
68480 79686
75540 67584
69938 77171
69981 77528
76947 75475
78944 77247
72999 70590
77298 66471
65228 70737
71542 77097
79607 73256
73798 66411
68891 77385
79495 69438
79203 77120
78315 75417
66521 77957
68074 76546
73140 77476
72951 78093
71872 79749
70896 72699
75700 78679
76352 75950
69363 65199
72974 73263
65839 67503
76640 71390
68896 65309
73223 72970
67716 70319
72903 78569
73752 71421
74896 72331
77026 71071
71164 65843
67645 76258
66993 67347
73868 67136
73173 77588
75923 69261
65447 73670
74934 79340
71212 75192
73074 69610
67483 74123
70878 71811
76545 65276
74301 71485
71671 65329
73385 79581
75724 72669
74715 75904
75019 72147
72190 75231
70996 68342
66881 76965
79900 65185
66756 67276
73858 73721
78562 77909
70599 71200
68157 72303
72840 67172
77604 69862
67112 65141
72003 76998
73847 79053
67230 73386
70813 69997
66340 73837
66089 71632
72383 70446
66731 68035
79166 69525
66661 71418
79727 78701
73887 76134
68715 67782
77582 78302
69170 67796
68128 67419
73113 65115
70835 75423
71462 73533
69931 79526
74364 67193
66840 69313
73915 75716
77416 79650
79129 66934
77806 75297
79313 70078
77711 67511
70710 71614
74633 67329
69449 79538
66887 73633
78080 79375
75584 73895
72882 72234
72712 72143
79092 68856
79067 78042
75415 70761
65434 74395
69555 78087
67564 79416
73238 76329
77366 78423
71214 73390
66478 68669
72568 69056
76737 79387
66943 66688
73643 68633
77815 77183
69107 71113
72695 71190
77587 73866
74490 70871
79283 69491
65123 67293
67220 73457
66904 67953
65423 72053
74028 69433
77916 79778
72836 77757
75182 76465
67519 65475
77633 74878
65389 72814
65717 66037
76668 73509
65601 67492
71719 73918
75679 65567
72596 69500
67551 65113
76997 76105
72027 66432
65404 68445
77148 70005
75229 78845
68867 77156
71908 69046
72329 75528
70928 76007
68468 73728
69521 69822
71587 79702
72299 76627
77940 66169
67516 72750
77595 67558
77467 78002
79015 76876
76542 77443
77114 66463
75447 78750
70108 74994
73058 73563
78307 71713
77527 74668
65879 67581
77716 66909
71956 70507
67817 73737
73810 69384
78018 69810
78599 79265
68972 74558
75788 77056
78693 76161
74775 65307
68386 65148
75345 77539
66796 79954
66770 73031
69441 68105
73712 67798
77759 73281
70391 73988
75649 75038
67781 73848
76179 78136
73350 75058
77821 77179
71195 70559
78413 66914
74241 71752
74577 71698
74258 79176
79716 78238
76651 65534
71992 68416
73381 71032
74809 68328
71307 67604
68884 69691
68347 67014
67052 65089
69288 71528
77030 72334
67103 69661
79354 73243
77771 67147
71583 68902
71813 71546
75176 75828
78421 77847
79136 66641
77702 71252
79057 68967
72550 76972
77807 69788
69224 75951
65817 74833
79831 68231
70992 74529
70962 71094
76193 65086
79052 68662
78796 69075
71114 76320
70943 65691
69896 78536
67683 78572
65121 76962
76710 68373
76884 65117
75353 70573
68169 69966
74502 76751
68920 72246
72357 75694
66066 68021
77318 67801
72950 73706
72535 74539
69803 72758
71453 78024
72665 66393
79047 77406
74877 70512
67998 74427
66757 77674
65347 79997
71103 74274
73675 73102
74269 70039
66090 73082
79663 79995
68626 71857
76455 78707
66793 68504
69733 68017
68008 69818
71662 74905
67377 69049
75619 74550
68175 73889
79236 65506
65559 65321
75436 67927
66953 72847
65333 72205
66148 69877
68531 75472
70310 66617
74643 71879
68499 70647
68296 78077
70348 65254
76532 68713
68072 73317
67196 72145
78725 68062
66603 69629
65748 74250
72590 75197
72719 69195
67094 65863
74461 76797
72619 75698
74950 75773
79318 72755
68483 67188
68115 65770
78455 70498
73511 67235
67837 69013
74137 66916
71304 78130
69118 73663
71651 77024
69560 77022
66685 79683
69771 74011
71320 71132
66419 73593
74814 68923
68298 75481
74581 76882
65002 75511
72964 70791
73001 77721
76666 65527
75771 71311
71712 72082
68491 74746
79391 76609
72292 68131
66620 75198
77781 73580
71526 72565
73067 79279
78938 76346
66573 67449
66699 70169
75126 76649
66747 66404
68034 76918
69713 78561
74690 77519
77333 75677
74284 71295
79624 77521
65203 79988
78831 75311
75568 67155
79465 72746
75397 70977
74565 72136
69725 68200
69358 70335
75970 65951
72573 77763
73277 74138
74219 73141
68278 75175
71532 76648
78418 71819
77509 68851
74002 76759
69775 73698
74524 69089
77383 68465
69612 66626
79213 77726
75153 73637
69412 74462
77995 72823
78516 71946
77787 74620
70828 79982
68107 75391
72214 73941
74548 74966
68976 67537
76731 79036
79511 78783
71550 72166
68257 78800
79337 76785
71761 71326
69830 69155
67350 73985
71655 75181
67410 69866
71905 70735
75102 69380
67061 75777
73071 72463
76485 78373
76762 70320
71720 74293
78912 79170
77086 74298
79263 70690
70123 70925
77838 67681
79159 66174
73697 67931
79450 77804
68168 69843
72858 70360
73296 66911
74816 75522
70642 65340
72227 69473
68763 68707
79293 73611
65368 76052
68077 77936
71169 69686
74835 66860
67726 69524
77774 79762
69375 79839
79609 74720
68161 78231
69641 78608
65298 78262
74806 72869
70968 79308
66962 68192
66216 79307
75087 74287
74972 76304
74068 65112
72024 72762
67122 67096
67110 74914
66444 67945
65891 74125
71482 78437
72039 65812
67138 70738
70764 73603
66367 71449
75140 72408
75091 67423
77310 76321
72629 71119
74965 65984
79623 67371
65565 66046
66452 66550
68459 70960
79547 71372
67034 65646
70854 71012
75266 72105
74203 71736
72657 72562
77054 74945
70653 78001
77384 77903
65358 66705
73826 73008
73572 77987
73197 73197
69739 73662
69140 66783
75428 76805
67739 79865
71997 77374
67406 66350
71230 79926
76027 71585
72060 69529
76103 72092
70201 70790
79955 77974
76916 78376
74672 75233
79739 75598
65520 65854
66363 68178
75707 70956
70974 77896
75381 66102
71575 67286
77150 77244
66437 70720
79385 72756
69804 66571
74647 69767
65622 79552
79061 76064
78532 75071
71748 67555
68071 65440
74423 69567
68550 69585
69063 75922
70880 70052
66575 69682
71724 75635
69317 73658
70783 75736
65860 75493
76763 77082
66723 75746
68798 68983
75360 78975
67816 78242
66707 67868
68197 65256
69222 77786
69031 68779
79222 67101
70635 74811
74754 65391
68617 68405
65616 70221
74465 71537
65755 65847
67802 74602
78643 67304
78491 67747
70460 70486
76382 69911
66955 65557
76452 74696
71005 71129
70179 79589
71637 65295
66175 65014
75813 69297
66252 74441
65878 68621
74830 65418
66290 67785
71772 79026
71156 65004
79068 79876
79146 75347
73004 67405
67370 77548
75866 79729
70918 72688
66574 78508
74182 70430
74549 68235
75714 71551
71854 71533
71799 79432
66394 72204
70253 75859
66784 75926
78610 74791
79277 73346
75219 73352
75921 77555
72679 72603
73185 66284
72906 72973
73734 65260
66482 68135
79398 77286
68543 77679
78224 68264
68833 69814
78493 65328
74491 70719
68768 71285
66183 76042
79763 72008
78994 65290
78141 70106
68973 73416
73684 67267
73388 70367
70251 73519
67049 66173
78751 73610
73742 69219
69723 76592
75830 73543
66855 68123
71251 69702
66715 67325
75670 77439
75295 72342
68956 78276
69417 77743
78606 79273
76536 71174
74618 77282
74020 71228
78454 76486
70436 79160
70839 68881
76285 72150
71893 71929
67684 73842
77475 74671
75966 70538
68903 77706
71263 68120
69801 73871
72333 66939
70601 78458
67534 74958
71083 75988
69391 67794
76112 73261
75288 75245
73680 69126
67253 76665
73357 76379
65992 70074
73252 68760
75044 73629
71257 65168
66096 73888
69040 79371
79152 78862
78397 71245
76255 72525
68766 78104
66334 70763
75628 68446
74516 76006
77117 75498
75303 79875
69259 68101
72931 77241
74705 76141
79187 73963
72211 69614
68987 74632
72126 77776
79612 77193
68108 70907
74810 67841
71912 74163
68429 74503
72216 66513
79800 67596
74444 77050
78140 70112
71035 79752
78741 66155
79161 69428
75158 76830
77772 66398
78004 79252
68860 71199
74741 78356
68224 66492
79020 73547
67685 76803
79679 66544
70782 73334
69548 74475
71090 69252
69683 65575
73036 79653
68978 69527
66048 73364
65715 68109
67624 69766
66123 77040
66278 68692
68681 71074
77941 78083
71943 66286
79074 76523
79993 65248
69446 78326
66266 76908
79922 79862
75348 77138
70564 70122
73577 75802
65190 79807
67298 67722
70798 73227
78534 75591
74264 69544
72711 75948
74655 79389
67855 76034
70762 78073
65598 77603
78838 75408
69129 74214
75121 65877
66157 73819
66051 78538
68070 65781
77088 77510
78019 79846
67314 77602
69397 77395
77889 78419
71766 71340
66333 68528
76862 68832
73705 69217
65709 65693
74185 77322
73084 70610
69348 79514
72738 73582
74758 76381
75142 78858
66778 76128
71097 75688
77264 70151
73740 67863
78943 67843
74692 75183
76136 78708
72511 66372
72822 76905
72295 65796
78794 74959
74505 78393
79808 65001
72506 67104
79662 77559
69081 78767
77980 74476
75252 64999
77901 65335
77620 78264
73503 65200
69244 67403
71726 71151
74763 73926
67043 73972
69608 68476
72264 69728
68953 72841
68398 74047
70652 73700
76145 66311
74544 70497
69122 71958
66658 73028
74479 69496
77959 79463
76215 66387
69798 71299
70862 68066
78344 78675
79453 75104
76721 69265
72935 79298
68755 72287
70413 75987
77642 69632
77228 76605
72488 65585
79760 78460
74907 67214
75169 75286
68464 68098
70332 72213
75489 68106
66474 72108
69284 71548
71316 73904
77272 71123
66799 77713
74000 70279
73035 69891
65092 79843
79924 76815
74527 79640
78440 72817
74278 68786
78636 78027
71432 67599
78213 71601
78535 75059
66105 75191
78461 65204
68330 74078
72876 76122
65292 72023
71844 78386
74169 73811
71335 67626
74635 71475
66582 67367
75461 78801
69364 66748
66362 79012
72956 75118
66295 79215
78650 79209
76365 75000
70383 75809
68869 71829
73502 76736
77731 67142
77506 67941
65950 66070
67339 66761
70265 79516
74033 68615
66201 75261
74836 67435
77461 71758
79556 68772
71764 65338
72196 69881
68670 75686
66438 73841
75578 71238
73517 72026
70295 73059
79597 75296
67955 76890
74663 76342
75978 70876
74782 78736
68118 66681
67004 67484
79221 70582
75232 67032
76907 74610
78892 70494
67181 79841
66728 75079
68526 67434
72031 78106
77009 70029
79134 65825
75826 66347
79964 67918
69404 65684
66954 69747
68609 76749
66176 65462
74335 65036
75284 77287
75673 65206
66107 69095
78837 71517
69366 72677
69906 68830
65523 71275
78647 77123
75395 78653
75630 67587
67970 71558
68585 67475
66178 65140
68085 79475
75556 68861
70076 67453
71188 67778
74030 65752
69352 73487
69402 74700
73778 75909
79410 73242
69050 77812
74626 72976
70540 78570
79220 76104
78038 68599
71598 77230
77213 65194
73764 77697
66093 79884
75558 75407
73191 72157
75468 72967
78567 73446
68775 75639
77654 73933
68651 67748
78746 75560
74520 78766
68912 75111
70758 77469
79063 75240
66281 75789
67633 65765
75534 66519
65741 77336
77522 72706
78921 66686
69100 76068
77149 75393
67845 76266
66250 67153
78063 74941
76551 78774
74164 69344
70806 69708
66422 73701
73844 71325
79121 73673
78782 70024
79380 75129
74038 66401
65301 74979
79188 72274
68392 77943
69343 68872
74340 74860
69160 76383
76865 77344
65272 69789
69039 70715
78510 75090
78932 73815
78387 71040
68009 66012
70990 67219
73998 65175
66711 77279
65376 68041
65017 67323
72943 65101
71520 70558
71875 75997
69394 75429
68533 74677
66047 79591
66659 72672
68847 71512
79421 74884
73993 77514
73021 77309
74229 67543
76945 71360
68201 69642
70210 67847
71217 71386
72559 78432
76939 76727
69078 70795
75861 78893
71447 73006
68338 78490
74234 65202
79817 66388
70213 65332
67893 69382
66161 69650
67825 79825
65450 76813
75583 66094
76603 65995
75860 68014
65378 70477
69134 77546
70935 77177
65815 69235
77608 65719
76656 72809
65497 75039
68986 69204
65246 66267
76120 67456
75512 78115
79595 78343
71416 67022
77832 74713
70375 77900
76228 67733
78227 65811
69191 78058
78449 77887
71034 78939
73308 77069
79731 65656
79823 75178
73620 73767
78571 75996
71634 67066
70695 65010
77131 77359
78528 65066
66539 70489
69339 65556
66612 65952
66280 68565
76413 73393
75332 75793
76296 72202
72307 71042
76245 77849
71262 71860
79688 73311
73875 66086
76578 75238
68040 73653
78818 78383
71594 75292
74419 67337
79578 79984
79868 75095
76871 71153
69583 79312
68350 72269
74750 77142
71750 75555
70604 66061
73715 77775
65764 79590
68539 70454
68511 70875
78436 67404
78660 72277
79032 74899
69992 73345
71656 68921
75881 75514
71480 73482
69598 66590
68638 71037
72322 66212
68113 71419
77765 75824
75956 65457
72859 79472
66270 75760
72630 77003
75526 71838
66395 77931
67437 72055
69570 78696
69062 68494
69864 73636
79242 70353
75074 75484
67929 76663
70651 70468
74026 79710
78621 78772
67256 69002
68151 79945
76989 68092
76514 68166
68047 74948
77152 71321
67721 79205
76250 73575
79648 67468
68985 68417
75980 69383
65294 79102
66021 79680
70388 72159
71681 74100
74086 66824
73802 65580
67163 71931
65654 79204
77888 77810
74156 79907
70119 74594
79199 69017
72854 77173
66832 67807
75607 76642
73111 74627
72584 67871
76252 75840
66098 71406
77323 67580
67016 77488
74510 65932
69710 75685
79196 77899
75697 77929
66628 71539
73326 69215
74767 75047
70198 65075
78505 66844
67946 74849
69593 76555
75460 67773
66261 68242
76786 70149
72610 75953
65928 72777
71777 70194
73279 75961
65978 69573
72915 73592
72620 66644
73220 72743
68487 71143
71171 68674
79456 77778
70227 79869
71100 65156
75720 66672
71732 78509
69670 77278
67872 72219
69624 73597
65326 72666
75576 69658
78284 68797
67240 69998
70662 72512
75053 65960
79742 68232
75518 71144
67812 71237
77926 71707
76504 66818
76519 75314
78790 79300
65355 68878
74198 67958
77725 71823
78870 74582
66461 79056
77568 71493
79707 75937
65253 70803
78713 74238
70488 67344
66546 77777
68119 75262
75285 75501
76811 68819
78984 70626
68977 74083
68134 71759
69808 68753
65015 73232
70630 79910
75010 72037
79965 68828
75848 72608
70903 75427
79655 78925
69933 78609
75155 72375
69037 71288
73942 72413
72045 65481
72044 69455
74356 68447
70274 69156
66814 76390
65629 76270
76367 74208
73011 68773
68805 69690
74193 72452
68914 66073
77680 67603
71952 77202
71565 65172
65776 75165
67527 66890
75120 78498
68962 67264
73708 67829
66957 68734
69369 71356
78121 76271
75220 75005
66609 74378
79206 76958
75690 76405
67263 76658
79411 77732
76387 69518
76276 79947
72469 66802
68611 66242
68353 73566
72286 65837
75213 73213
71661 73382
65464 66254
74515 79141
68435 71148
76166 70382
73190 76966
71289 66829
75083 73899
70268 78047
66479 66356
68890 78070
77915 67366
77868 78540
68411 73683
76454 70292
71489 72740
74559 70220
71883 75425
74781 79103
66576 69074
68993 79352
67752 69292
68280 72181
66718 74614
68371 79264
66326 75384
68162 69965
76792 65883
76013 72236
74109 67368
73112 67209
79286 67092
75217 76765
69674 71036
79448 74646
68512 70611
77198 78055
78886 77871
67965 69243
72445 65621
71680 69880
74174 69568
66906 74065
77985 74684
76849 71002
70173 78349
78629 76253
77547 69367
71739 71215
66457 65630
73982 71047
72173 78829
67643 68449
73005 70164
69108 67956
66614 69058
76500 74162
66974 73589
77782 76534
67566 78733
72080 70117
69169 71714
71202 75559
77617 68735
68671 78978
68733 71070
67704 76449
69263 68564
75886 76693
66760 77828
69730 74230
66729 67627
77090 75929
66805 66979
68142 72538
75969 73463
65906 68165
75313 71490
76846 75510
65511 66164
69147 71835
73661 72851
68180 78201
72036 79912
74452 65570
71222 66924
77189 67572
76230 69347
77390 72257
77007 67844
79759 66111
77935 78552
72775 69205
76453 66285
71301 67588
77874 76810
76337 77715
69323 75212
72138 74288
70776 79790
72660 78339
78803 73468
69778 71389
69523 72737
68048 79248
70725 78294
68462 67360
67048 73494
71186 73418
65245 71547
73425 66341
77907 78556
79622 73039
77163 74458
68212 79550
72793 71468
74119 68998
71187 67873
74973 73530
67301 79334
76718 73814
71382 73545
67038 70272
67700 68444
76249 72294
75596 75206
68723 67708
69622 65184
65818 69439
78935 77041
71709 70002
68850 76614
66990 74674
74015 72648
67271 72860
78976 69922
74938 76586
76618 66967
67336 75675
69373 78244
75790 76697
77754 68546
66493 69123
73248 78147
76941 78405
75443 75823
76623 66151
70111 71198
71563 67878
74120 65477
79316 65422
67087 73646
68053 69970
69210 77504
72528 76240
78986 68208
66548 71804
79125 69471
71337 65614
65061 66322
67906 72089
66359 79217
78942 68189
75260 70258
78760 68042
67130 69192
67653 66800
74096 67616
74593 79440
77696 78628
75456 66591
73518 68309
69477 69596
68102 78954
75339 67227
75821 77364
79027 73554
65379 66282
66251 77511
74064 71371
79091 67364
71474 76709
68336 69489
72733 68307
66968 70138
69698 69206
69231 79645
67952 79983
73688 73561
75042 78998
65170 77641
77399 72298
72016 73614
77479 77573
69681 76573
70865 75386
66567 75727
75131 70583
75780 68027
76703 73757
77833 76591
73803 69660
66009 79270
74402 73687
68520 78007
66062 79788
69047 68060
78545 69381
67186 78996
73101 65314
75096 71733
66958 72959
76472 79897
78434 79219
78425 65844
78712 76739
69490 73287
77159 71840
77417 69566
77879 73955
65444 78853
72097 66225
71993 69194
68238 69536
67411 71953
71578 67885
67663 72981
76582 70100
71792 71445
68608 65189
74450 73615
65921 74040
68538 75065
67144 73409
76611 75721
65161 65353
65012 72934
75928 66868
69377 71185
69809 66469
73168 70786
69080 67888
65663 79107
69955 78385
72742 73052
73273 79435
70284 73109
75330 72043
78186 74583
67080 76940
66625 66759
77232 71216
75470 72175
79738 73342
68406 78401
69802 71529
79195 77596
66523 72541
65039 69530
77629 74778
66228 66496
68052 73995
74494 67097
71910 69053
69761 77660
77483 72615
77158 73459
70352 75188
67284 68991
75137 68928
69464 68173
78076 69285
77928 73029
71861 72464
68754 70831
75278 78833
70993 79496
66026 71491
73265 70237
69430 74699
73558 79592
78125 72117
73210 77353
74911 66677
68854 71194
65803 71413
69974 71678
76030 68656
77756 77861
71412 67724
79925 73568
79108 69072
77191 78157
67649 79439
69755 77380
76022 77350
70584 70550
67689 79904
79857 68024
69135 66839
65938 67341
78283 69854
79536 75438
66942 78915
72714 73486
73421 67810
66275 66203
68076 75312
74639 73016
71133 68895
75618 69745
70859 73371
68122 78468
65053 79805
67457 65560
74676 74327
69426 70659
79773 66182
65385 69414
76556 75533
77923 76835
69448 76925
70923 73088
79916 73601
68358 72302
67780 66563
69353 68863
66409 70068
67732 71297
78668 69609
68187 73225
71131 75994
71221 78908
75134 78334
70168 65674
76124 73375
67717 79721
79998 76396
68557 74001
78737 67248
74824 68321
65180 77293
69653 78594
76458 71486
69401 69546
73908 77800
66937 65016
74454 71384
69927 71514
73595 65964
71519 68387
75542 69785
77098 66405
76084 67198
66689 77044
79810 66654
66486 74376
74573 72148
74350 72963
70999 68065
75290 75431
71349 71106
78291 76353
74511 68594
68729 74282
66662 78129
66425 76187
75352 73938
77226 71911
68103 69886
74469 77769
70537 78990
74481 79758
71896 75990
75725 77517
68541 77893
66660 75337
69290 71183
76926 65291
70329 73455
77976 68222
74903 68274
71392 71077
73884 69744
75385 78539
75491 77220
65703 74568
69182 67910
65219 68073
74716 68752
76747 68939
70199 74453
66538 77059
73512 79654
71417 70449
65048 73596
77683 79294
67976 76272
75331 76036
67208 66488
69318 78777
77496 70966
72249 73266
76314 66775
68095 71477
70333 67237
70613 69137
66555 69657
72238 79097
77690 67421
75843 72810
71743 74842
79369 67836
75235 65607
74694 71970
65882 68223
75629 76874
67611 71006
71395 73407
73792 67075
72989 67699
70627 69462
66240 75494
75883 77440
77607 67828
69878 77532
76531 76251
70772 72929
78323 69727
76560 75089
70570 70525
79243 66989
66624 71852
66158 76781
68090 79757
69193 69495
68414 77698
68183 71899
65515 65974
75818 74306
78656 65561
74187 78830
77087 73762
67183 68378
66959 74718
65728 70197
72346 66170
69765 75318
68415 66323
67270 77122
68148 75668
66714 65057
79697 70502
73143 74283
77856 79231
76961 67170
71024 74765
67988 68846
72073 72826
74183 70608
66300 75993
76688 71154
71787 69239
69174 72979
67720 79836
77801 70147
66429 69092
72723 71264
77811 68750
66935 73200
69274 71226
75747 75838
79124 76378
67333 75097
67879 74857
65394 72539
71193 68110
79962 79813
68096 73411
73564 78163
79961 74839
71839 69090
72332 77576
71660 72176
66505 79714
71414 68001
70043 77214
71827 77175
72501 66338
72527 76291
79082 71606
70270 71690
68758 79569
68824 78377
69882 75595
75011 69294
72697 70025
65957 74547
76507 70031
65834 67486
67625 79715
70641 75084
77502 77944
71041 67899
75708 67935
68990 71282
77414 66873
71484 71101
76617 73727
73415 75765
74385 69057
70834 72208
67458 79250
67938 79113
65678 77005
70190 65644
69858 77249
67224 76854
74865 71191
76773 67324
68401 69961
78826 75538
73725 76398
67834 75184
79852 79991
74412 77421
75151 70866
66273 74058
70697 68163
72127 76528
66733 71803
66921 79382
66392 72618
75902 66036
72232 79028
79879 74650
66604 78566
72720 69639
66119 74171
70441 65361
78705 69229
72592 71068
68036 65183
66006 69227
69045 73738
77661 77212
69106 76934
69052 67552
79717 66292
76993 78728
66940 67923
68045 68260
73996 73061
75390 71828
79848 76875
77536 77840
66769 79681
68598 68374
72484 76558
71124 68419
79043 65043
74659 74415
69907 74324
69312 72420
75516 68247
71635 76119
66577 69024
73305 67489
69782 76983
78697 68524
66717 71140
71374 72792
74657 74616
76098 71420
71942 66987
72382 70751
72831 66195
70007 67217
77343 75202
68505 69048
65922 77719
67424 67779
72142 70171
76457 74953
78739 68606
79928 70609
77251 75062
65632 72369
72853 70452
70556 78651
72536 72524
65727 77988
71145 69662
75681 70409
66721 70207
65108 72280
75282 78176
78064 73830
72341 66788
74091 76406
72514 79786
72652 77085
73483 76148
66187 74346
67148 76823
76208 70997
65758 72537
79973 76757
71425 79399
79772 68391
69796 67618
77835 72972
66669 77243
75143 76433
79297 79899
72170 74987
70345 73898
69821 73631
78350 74032
76770 65698
65937 74517
78888 73057
76220 78618
76358 65667
66960 72949
65306 67385
71657 75729
75971 72954
79392 65896
71873 78360
72622 75445
74014 71242
70225 75687
78753 71525
76859 71338
71611 69888
69942 78274
69425 75768
79193 67766
74035 74377
73378 75343
75585 76708
79266 79254
70298 78022
66331 69115
75857 68603
79959 72231
78499 67216
66133 72991
78407 66305
72701 78342
70135 70624
70192 79005
68466 72028
77876 76626
65650 71464
66277 71376
76237 67058
71830 79417
66023 65971
77648 69551
74397 68514
75061 74682
68367 75832
70205 67869
67211 71954
79401 73054
79458 74172
73624 77016
68687 67718
75015 69976
65026 75257
72272 65633
66535 67278
76188 77967
78113 73665
68839 65778
67797 79932
76630 73423
77500 75678
73304 73617
77720 74060
76213 79019
72917 65994
77933 66013
68623 75020
70553 78642
71180 76489
74509 71167
79741 67989
76008 74724
77411 75748
70658 67013
68584 69111
69458 77372
76848 76634
69872 66058
75405 67787
67083 75130
77495 76971
71625 66166
65182 77567
67008 75806
75168 69831
72835 72058
71286 69399
75947 77349
72467 73671
75712 65767
74880 69505
69693 70633
71685 71342
71794 72255
72709 71430
69620 69171
71697 72913
72780 70343
78044 65424
68493 77997
72671 74732
73726 67565
77705 71901
66129 67597
70908 76982
75179 74783
76169 65093
79764 70973
71398 68452
77047 65297
77301 79533
71950 75564
79737 72078
72099 65387
78568 67900
79604 67187
78945 71054
71030 69534
72505 73363
65915 79630
78630 79784
74281 76804
68237 65955
71481 77074
70180 72088
69750 70484
75599 76109
77592 67857
65000 72081
66917 69273
78011 71332
65102 73081
69501 72083
68785 73272
77728 66490
78988 65711
65005 69553
77256 66862
71461 70983
68497 76181
76079 67533
77512 77186
78885 70000
73579 74803
65857 67402
72389 70950
77153 72151
68858 75913
67513 75799
78666 74305
71112 71986
78054 74739
65766 78529
70501 66198
66259 70280
67983 68038
70516 65459
65991 65267
75230 77218
73027 79635
66743 71423
70463 71895
73400 74081
79906 72349
78450 69578
69016 67495
78352 71998
79859 76885
79930 71357
78819 67728
76681 73010
78758 74521
70064 73885
69146 75141
69255 79258
72686 67277
72177 69418
67687 72165
73497 70083
79565 79901
74555 65695
71053 78787
74698 79555
72863 72207
70384 78161
70699 66983
67864 69061
66137 78108
76596 69143
70939 79502
70040 78827
67359 73105
72217 72496
65550 66764
67006 74851
75831 67192
69034 70749
70588 68234
79748 68770
76368 71334
74845 77331
69783 78578
71878 66527
68695 79437
67289 75467
65067 79827
72271 72229
78821 79319
75615 79957
68720 66547
66720 67331
73679 77004
77836 69249
76554 68265
66015 71051
78175 66336
70156 72076
68145 67451
71354 67702
76065 75108
70224 71483
78479 75211
65792 70657
74634 72330
69415 66142
74557 76672
71779 78066
72305 72056
76928 69602
74932 78049
78295 66812
76607 69943
77205 77816
75486 71664
70208 79921
70195 79960
79696 70493
69299 70778
77989 73893
77084 68064
74217 68845
78732 75307
71586 67890
67223 79659
75046 67971
74683 70418
77844 77691
70296 79777
70191 69009
71057 77983
78667 73910
72813 73201
75026 69059
79260 68675
79442 74192
66831 73755
74595 76987
75441 70929
72529 78920
68075 65452
78602 69041
75195 73250
72685 79976
71161 73076
79940 76227
75612 66498
74036 65762
77458 73089
69758 65382
76929 72816
75037 73546
78997 72172
70044 79420
78776 78964
72247 65920
71647 67770
66143 78391
70269 72436
75057 70849
77663 65578
74184 76641
76822 65032
77099 73442
75803 73783
79324 77224
69198 77139
75375 77785
66472 78145
79753 68323
79323 66298
73426 77572
71727 75201
73324 77356
70311 77403
72996 65827
65609 79801
75717 72542
71916 65365
71377 75856
67021 79745
68205 65968
69008 65235
78551 75264
79797 67575
65999 79567
65042 72416
69188 77101
69780 68793
70945 73711
66594 65690
67992 76600
79080 70812
69949 78209
74534 70346
68680 77182
72774 65641
66136 66726
72675 77910
70313 72877
71642 73935
69153 68356
67259 67076
78091 76818
71052 77610
72569 75145
70240 66949
77413 79480
79770 73182
73477 70278
71584 76059
78035 74375
73255 77770
75562 77749
77730 73879
79755 67133
68631 78190
73445 71241
72911 72802
66569 67963
79619 78235
70805 72155
77612 74908
72564 76563
65735 74710
72352 79128
71774 73262
76870 69684
74070 65671
76319 72645
72240 76615
66487 69167
77118 78204
68093 68825
70705 67876
67266 65541
70666 69395
73779 75863
65223 79996
71446 68879
79460 75452
74405 77845
69006 67499
79132 70400
75683 73198
71509 75450
65150 67751
65626 76725
68310 67641
65319 70640
66027 69405
78396 78211
79606 72824
78541 71768
65153 72795
77181 78663
75878 79583
65800 78781
67557 74276
77015 79938
70369 71173
66514 75316
79461 79101
74954 79280
71566 68020
77895 65193
68156 65521
71915 73180
72321 77975
73047 68198
68590 75749
72788 75657
78099 72394
75164 67947
73754 77761
70021 74368
69378 77303
71541 69694
69093 71781
78868 70632
70300 66516
70187 67108
78406 77686
78236 78704
70889 73560
68700 74706
79381 78313
78504 69178
73948 74259
70853 79768
76791 79667
66536 71408
71437 65162
66643 67285
70727 78543
67288 65331
65018 67171
73854 77750
78816 66789
77824 77646
71246 76857
67769 65604
71834 73355
70779 76790
74307 69844
79282 67327
76724 69606
75333 70325
66186 68273
69015 76497
66104 71740
73527 70535
70183 74898
70964 78101
66342 68535
79291 79878
76570 65780
77327 70995
76679 74325
69715 72632
66888 70648
76955 70176
71807 66389
65927 68628
76775 69887
77124 69680
73790 75277
76248 70981
71545 66297
79483 72085
71991 79860
70451 73284
76604 72485
65400 74919
76541 74408
73506 79531
65236 70577
69067 70417
75203 76445
69867 70595
67320 73100
76397 75009
73427 76616
72633 77621
66896 76662
73689 69463
78081 74316
75541 78188
72391 76100
75847 73719
71800 76839
68703 76324
65231 74299
77242 79664
73927 79457
71309 68031
67606 65869
69571 68741
65105 69968
74097 65533
71381 69762
73733 72890
70219 76944
65537 71729
73053 79735
78254 68428
70467 72094
73508 70563
68701 70142
79720 70544
65546 74010
70485 71329
71552 72195
73959 79535
69186 67822
66861 77829
77973 74477
73499 79033
73514 66741
73812 72516
73099 77337
74748 65250
72741 79523
65886 76985
70724 70976
74296 68893
77902 66378
73151 77946
66077 69939
66060 75377
74188 67007
70089 77307
67105 78394
75554 75590
79847 67050
66915 72325
71624 65961
78110 79201
68179 67846
76025 76869
77818 75604
77561 73632
79104 68761
67508 73310
67390 66738
69026 78955
71933 66309
69902 72000
76046 72868
72018 72146
67933 72589
69121 75506
70264 67279
79484 70048
68225 78917
72504 69398
74976 77877
65427 68132
68807 74148
78533 68823
77203 78155
76394 68140
68431 72471
68810 68642
78792 65547
71110 68568
69915 69293
70321 79743
78185 67594
66306 79345
78603 65705
74190 73443
76183 68570
72311 69664
75960 71831
66553 70081
67982 71531
70708 65011
75547 78555
69097 66692
78620 78584
70315 73833
75477 67703
69595 79915
71269 75160
72543 69237
73017 73852
79153 76756
71627 71995
67249 66841
74680 65608
79274 71554
69648 79487
65723 76366
70824 68897
68233 73992
74470 70706
72891 73832
65149 73335
72312 73062
78823 65127
74768 79776
66951 73878
66068 65286
66374 77402
70322 69144
79376 74127
72808 66710
65689 69435
77405 78026
69829 76743
67082 76942
69161 70416
70984 65939
76589 71319
75294 66407
68349 77269
69296 70121
75320 79849
69952 67036
78052 78965
69187 66767
73911 67651
69732 65233
76246 66314
65350 72647
77066 78724
71609 72107
76462 77167
65708 79255
71260 69869
68176 69977
79473 68263
72649 69619
72545 78874
73176 79321
66317 72717
77575 74640
77773 75837
68627 77852
79374 71088
66925 71973
65371 69004
71351 77229
71234 66423
65289 68400
78983 75420
71934 77072
76636 78056
66846 77760
66706 79355
74358 65216
79023 75794
72698 72842
75532 78392
68313 73460
66116 76639
79287 73920
75633 66794
73022 77805
71072 77739
69460 65128
66074 66358
66188 72643
73474 68425
76720 67678
76089 69242
70927 75117
78929 75753
75976 74829
73874 77113
68569 78580
76524 72453
78439 76159
67814 77330
72161 79835
65716 74744
71516 75265
67880 74619
67472 65576
73860 79267
68794 77125
71317 75632
69863 77665
76851 74489
70898 74895
79054 73068
78184 69846
78459 71939
68473 70686
73480 72821
65861 74112
76430 75530
73820 68665
65873 65981
69760 72776
70742 71310
69234 66588
79333 67664
73030 73126
77091 78654
79185 72400
66489 65640
69825 70909
75577 69060
74074 78142
67539 67118
73360 72012
79994 66589
73175 68229
68690 66351
68369 71451
76209 78810
69874 66636
69119 68382
74897 79090
78731 65517
77258 79397
75669 72198
70257 70396
79339 67582
76686 77636
66110 71801
68635 67999
66782 71641
73211 78327
79568 67995
71648 66564
66633 76704
65178 79889
71049 78706
75023 79409
67250 71913
73389 70175
71741 68955
70008 77362
66156 71540
74297 75764
70150 74571
71010 75641
79837 70096
79268 70158
77338 77452
71184 70407
67287 77136
66737 70744
73916 71065
70364 72395
69873 77676
75368 71457
78116 70967
76192 76844
74848 77166
78644 75308
77971 71363
75200 73244
73234 78645
68552 65237
73652 74122
71868 79044
73306 67889
79791 77525
71786 71022
66690 70508
74761 65293
67439 74251
75380 74607
67303 65519
68849 79543
70510 67498
73768 77867
65554 71536
68894 72059
68932 65918
79661 68051
71847 70587
76508 68239
72050 75674
76771 67861
79573 77404
70263 78495
66455 68940
74693 75224
77738 66481
79233 77140
75426 72290
66556 73493
69953 72978
79079 75310
70585 67373
74225 71067
72119 77068
73251 72328
71220 73912
68673 70947
69791 74403
76139 79078
75974 65375
68636 69480
68612 71007
65714 70087
72362 65243
76477 70018
69355 70637
78607 76911
78112 79218
73481 67577
66585 65054
76199 69543
65489 70070
65628 65772
72844 65274
70987 77809
76178 74206
77853 79013
74788 71370
69469 74742
67114 76196
71909 77210
74399 66420
79174 79009
69329 79304
74466 68988
68485 75504
77119 75216
75609 79987
66740 77789
78702 68158
67591 73999
76287 73452
65904 73384
79627 76313
75949 73462
70118 77624
78597 68929
76529 70004
67231 77102
72820 68792
71704 79596
71400 75684
75719 68211
72819 67926
75495 72296
66727 73233
71961 70491
74103 75092
75608 69306
78575 73598
79154 78627
66263 65438
68185 74832
75304 79893
70309 78232
70919 75509
69656 67981
71734 75772
78424 70120
76163 78010
66807 73729
75592 69310
75194 68630
76903 71790
79509 71505
76399 70317
72226 76509
78641 72799
77319 66557
78995 77012
65098 74799
70307 68112
71571 77325
79109 70262
67659 68829
69736 69588
75098 76222
66682 79017
65885 78979
69865 79142
71850 78435
66244 78723
77655 70844
77329 75221
77089 76915
74037 77291
67127 76999
71810 77211
70218 67578
79194 66056
75462 72167
65986 65261
77094 67455
67139 70481
75241 74370
72654 67870
74496 67755
72282 78388
69897 74239
65167 79971
73909 79540
70689 71613
67826 79031
78968 66115
73336 67225
67852 72566
69958 71581
76654 73607
72769 65283
79647 71869
68730 74304
66656 71683
69421 72137
68933 72818
79754 68319
68352 65209
71095 71059
73699 76170
76434 70906
78309 78689
68575 76333
77127 69247
75237 74900
71881 71815
66439 74935
74197 71378
78016 75627
73666 70821
75815 67005
79262 79577
67523 71085
68303 69962
77197 79751
76283 76734
69895 71543
78378 78137
76461 78462
69011 76173
78805 69019
75412 69557
76260 78117
66986 71890
79403 73392
66828 65590
74506 67306
78172 79698
73422 72268
67316 77581
66304 79816
67743 76168
70515 68637
77352 78867
76010 76241
68202 65584
69357 71293
66524 73635
71075 65634
72124 75483
69556 65574
71196 77296
74638 68922
77591 73507
65647 68645
69749 78605
72404 69168
74906 66001
69576 69289
73479 79342
65222 71433
69665 69450
67791 76548
70683 65221
66506 70009
68333 69859
77092 72628
74285 70339
74488 71645
68059 71045
74570 77270
66064 69616
69564 69035
79576 74585
65544 79197
66402 65572
77412 65902
79148 68965
69672 67027
67242 69636
65753 67233
75924 74362
73094 75054
68527 68039
77313 71380
72077 75758
78301 72880
69984 76754
68907 78381
68984 65166
65041 69189
69550 73095
70915 76744
79058 79024
79656 77556
69591 69085
67937 74004
66947 66042
70639 71654
69334 78688
75543 65369
68657 73707
76072 75218
78744 65390
77644 66540
73840 73045
68764 78103
69860 65134
70701 76339
69820 74808
79557 78173
68950 67554
67658 65118
69120 71959
74951 73289
65912 74303
66313 68864
75663 76238
78263 65750
65739 72360
67676 65852
78961 73850
69230 73609
68841 68381
66163 73824
73391 70750
71203 77055
77029 71631
73710 75466
68573 79492
75358 75784
69851 70555
76832 71066
66366 76887
69406 77755
72327 65299
68826 77628
69704 72670
73075 75930
78215 68254
71674 67745
75254 70887
75167 76581
66716 79358
65809 67840
72266 74317
71788 68082
65430 66247
69350 72491
67772 76970
76814 68659
66858 78582
66391 67908
72721 66360
67003 71227
70985 74774
77700 76988
66208 78166
71116 78472
73107 73380
67548 66622
74279 67246
74165 69340
65271 79042
75078 77357
74523 75025
71947 65453
77432 76153
70124 71391
74838 76185
69935 72757
67071 71715
78078 77779
78661 79505
70655 68744
72185 78735
77917 70676
70616 79549
67490 72928
73216 73645
76045 75281
76293 66912
74384 73693
77864 66101
77813 69779
66616 68946
78341 73690
75081 75253
67522 70061
76012 65247
66080 71553
72054 77457
67262 68959
65082 74743
69773 74013
69740 71605
74136 77388
72990 72985
68061 67202
76594 77497
65187 76129
66886 65655
71667 68376
77481 76674
67776 70115
79618 68080
66122 67570
79137 79407
68295 74920
69618 74819
65977 68909
78252 68571
69314 76318
75082 72602
73230 68269
67731 69162
69731 76715
78398 79179
77262 77639
71820 66355
74321 70487
73195 67691
68578 68332
70238 67669
71060 65566
71687 67757
78872 75356
73492 68728
75891 76794
68423 71284
66446 75283
75733 75325
73312 71139
72845 76083
76867 72726
79095 79935
65935 69784
74598 78143
72220 72132
65478 66768
67832 73763
66694 73747
65518 65862
75959 65586
66817 78927
69392 78345
70665 76370
78154 77904
75801 74604
69422 68831
70617 76190
66078 75372
76960 74498
72655 75007
77742 78530
76058 74261
78720 77961
70644 70107
67158 73253
70580 68214
73555 70397
73619 68699
79367 73298
77143 75086
76864 70682
79708 72827
69270 75524
71691 69303
72120 79086
67418 66859
73827 76047
73060 68688
79368 78092
77020 70855
76062 79341
69216 69105
71907 65341
79725 70312
78788 77398
66664 70886
72263 75973
71612 72111
75299 72347
79815 79167
72684 69069
66586 76969
72833 79818
73025 67282
79400 72626
74422 69563
65129 74841
74435 72034
79699 72402
72624 69268
73154 68029
66124 71924
69947 77875
65876 69827
75152 67608
66645 73667
75529 78133
77401 68413
69102 71619
74921 66468
71469 74407
69326 71436
68574 65212
78971 77984
79081 74853
69884 76233
73765 73524
74080 69453
76761 67530
65252 72938
74587 69668
76881 78639
73980 66996
68335 69847
75622 67560
70663 76973
67168 73978
78812 68648
65568 66994
68589 76143
76977 70291
78138 75088
75661 66679
79892 70539
71923 76317
70132 69087
75766 76719
68836 72993
76364 78346
76565 76503
79620 75170
73828 74200
74286 69202
70232 78225
73958 74331
66379 73023
68803 71705
77435 65055
79468 65799
70810 78199
70209 76927
68545 76076
72210 65460
68086 68837
73809 77834
72581 70998
79309 73368
76156 70673
70864 67856
70148 71530
73160 77096
66908 73056
78612 71616
77551 72067
78682 77689
69816 65324
66852 79424
74872 74029
72946 69319
73171 73090
68079 66376
66597 78966
68025 75870
72883 68137
67312 73616
73804 75781
76802 77176
73716 68602
77708 66448
72242 79106
74608 72597
74369 71427
72215 72900
71494 66095
65436 65970
67482 70045
67654 71092
68684 72221
77684 68537
67795 75132
72209 74572
70412 67710
77839 70670
66542 78520
69149 77375
78586 75401
79256 75072
74589 66024
68058 69423
72052 79451
76015 66902
68409 71367
71192 71276
73161 72637
69030 66400
74779 74952
68553 76723
70444 75958
67607 77471
74003 75190
77549 66413
70775 70385
73613 71141
71927 73984
77619 72183
65625 79447
74050 79271
66199 69258
65265 71886
69180 67903
72772 70634
76680 65569
78703 75354
76086 74031
76712 77570
71710 65169
71686 68561
73642 74651
68130 65239
79214 75457
70288 79018
79902 79259
72163 79246
75800 74380
65446 76601
79147 76753
73333 73894
69905 68488
74967 72398
78972 66354
74439 76157
74989 72986
76755 70054
77922 70347
73316 66209
75488 70517
66708 74913
79423 72923
76779 69748
69697 75703
75517 71589
75892 65658
69638 77431
72154 77160
68177 78290
72030 78762
66945 68583
77236 67994
69817 78466
70767 73602
67902 74591
68368 79048
73046 73969
65672 70125
73115 68820
73932 74850
65226 65573
72879 74245
74497 77001
75430 70877
73907 71229
66057 77842
66801 75156
68270 68712
68947 75398
79394 74883
76564 67131
69278 69577
72297 70376
68868 77133
74114 67184
77992 66995
68503 78549
78337 73510
69605 65831
74365 79756
68268 71018
65638 71331
71247 78061
69012 79629
77484 79767
73913 77565
68925 75919
72033 73801
70936 68668
73065 73144
68340 69098
65907 78820
70619 76262
67811 70519
66725 78652
67399 73007
67808 65107
73322 79094
72715 65669
77999 71344
67838 77667
70411 79276
73896 79452
68710 72201
75255 76125
71974 72678
65581 76675
78617 70438
69510 68783
72518 74220
71938 66041
65196 67762
74121 71444
77409 76930
78887 68696
72066 70252
69724 71783
78299 69823
67174 78226
67474 65898
69512 79614
65826 66876
74236 76696
77324 78809
68287 65936
70374 77049
79006 68885
70874 71082
65096 78100
73525 74892
70379 67912
68827 73939
67349 75162
75209 70804
78600 74769
74018 70133
74042 79100
71061 71577
69646 74216
77427 79275
75500 72040
76292 68694
78547 76568
75227 73367
79099 73761
71618 67143
71172 72316
74615 77190
78842 78220
70023 68937
72855 75836
68725 71087
71025 79302
67355 79089
65824 72164
79942 66454
71836 65052
77365 77472
76077 65872
66605 71666
66615 75138
66936 66684
67317 79284
79563 67942
76518 75946
75287 69481
68450 69345
76838 75293
69828 69163
69176 76315
76726 72473
74262 74821
75819 71218
72843 75268
74252 77238
73295 73523
69468 65476
76373 70548
65686 65680
76535 75116
74940 66526
70398 71424
74859 78856
66226 78420
69376 66742
77795 75369
73347 76502
66647 76713
75621 77746
69275 77130
74228 76306
73647 74697
73720 75662
66565 77722
78025 77486
74260 78033
77067 74939
74495 71021
65975 73498
72992 65923
76628 77351
76515 65088
66167 69649
69776 72455
66146 79504
78074 78131
77664 72291
71466 79261
72725 76768
65648 65784
67115 77873
77034 71983
76090 67236
66380 73975
69396 79278
76800 66330
65623 70065
72507 76820
72336 66980
76177 67473
75259 68726
76334 67252
68808 75613
73282 69706
75060 68100
75726 78298
70606 69282
75409 78587
71346 75660
71877 77597
74910 74949
67469 67901
72353 65251
74601 73724
78770 65022
71802 69298
67173 73583
65147 79239
72703 73605
65579 70230
76912 79615
71274 66215
73475 65019
73170 69929
70532 71506
66790 78364
66837 65592
71208 68253
68396 68579
68693 74931
71401 77460
72718 78686
74253 76033
65535 75298
73562 71159
66087 73237
67674 76207
70693 77381
78132 65701
79245 79732
77669 79529
68771 78107
66580 76635
65720 71649
70093 68711
75636 70793
67761 76860
65587 75565
78815 78216
73018 67759
71121 70892
76336 74575
74139 79689
74675 66719
74352 70817
74062 75474
67340 69440
70010 71572
69164 67784
72141 78785
75691 77328
74379 79344
72418 76478
74856 65988
73456 70780
69770 75503
67600 77905
77169 66491
73855 74533
73103 76986
78691 71652
73813 72510
76886 65109
70006 67556
69592 67719
66276 76919
76041 74155
71014 71403
71440 71011
73217 73641
69493 79644
71031 65757
68388 78948
69336 75471
78088 76812
69885 68471
74541 65982
73917 79626
77981 68844
74909 79668
74202 71870
67610 72110
76309 79325
75944 78517
71725 74827
78363 72109
75741 68284
69018 68767
65713 68679
69054 72513
77450 77031
74889 76412
74222 71023
76056 74243
70455 70958
73344 78219
69328 77184
74854 68646
77911 70721
65083 68154
68088 77880
65949 69572
74652 71880
77268 78446
66665 73672
72731 69177
71561 77955
68046 77886
73044 75382
65030 69142
74826 68789
69360 76664
74701 76778
76195 72492
72318 78680
74189 70013
79426 68813
78795 70873
76442 68731
66239 76840
72977 76226
74673 67476
67157 71223
79730 74218
74154 78430
70546 65704
66975 65763
69729 77358
66440 78709
72243 69628
79796 68116
66332 71497
65211 76391
74487 65050
69443 67126
66196 71555
67977 69325
70716 79736
68054 78431
72121 67509
67382 79684
66579 77194
67615 67574
74925 79234
76826 74354
78789 75018
79711 66601
68525 77077
68616 66781
72011 65215
72490 67924
70753 65745
69711 70056
69322 75722
69077 77200
67065 65259
67842 68655
70277 78057
73274 68536
65887 65145
76499 69600
67195 75410
78179 74866
67595 70978
68781 78120
75239 76729
72385 76479
74846 73205
66867 67203
70249 67042
71250 68181
65413 72519
76831 77342
76403 65976
72912 66147
74473 77061
65443 66910
77540 70848
78248 71951
77465 66258
68613 79887
67427 79462
72015 78662
78375 74960
69332 70971
70408 71805
76294 77969
70755 71967
70104 79158
78616 76683
69109 79208
67605 78203
70206 66364
66408 74955
75280 78273
65124 71207
68248 79390
73501 68624
71756 68739
65880 75653
73901 79824
79295 67940
77609 66140
75658 76308
65137 76354
72612 65542
67617 74933
74176 75972
67598 78371
65983 71812
78477 73822
78550 77912
73330 78981
65577 77369
77882 67234
69635 73864
67545 73314
76044 68719
78207 74493
71455 72432
72441 68343
78072 75048
76261 77165
79572 76910
74027 74247
69130 72968
76463 73805
70822 77710
74056 79517
67372 78261
70260 72245
67803 73857
79537 68515
78673 70685
69876 78722
79038 76437
65555 77305
66005 67030
67959 68056
74507 78962
79931 66168
79016 71630
66283 75454
65617 65143
78034 72778
67067 78623
70576 78687
77103 79864
69946 73451
78014 66192
65916 73674
67441 69837
65114 67500
68996 72646
76732 73660
77564 75305
76212 72378
66871 77354
68474 75036
73097 65224
70760 78883
75355 75943
71315 68949
74051 65972
71853 73966
75965 79069
72561 65600
66106 67440
78119 72435
68129 69838
68195 79946
67528 74311
78483 69007
70677 76417
72591 78032
75992 69679
76974 69751
72410 79229
68218 78275
79127 74315
79950 72002
70766 78763
75981 73651
79143 69506
77625 68377
76979 66666
74588 77065
67363 79077
75999 77939
67452 66745
76769 73165
72427 77645
65106 65666
65099 71422
77400 72926
72426 67191
72907 67465
76061 73137
79237 74794
76716 73748
78319 76861
78305 69813
69853 71620
77494 77986
68600 71001
69295 74367
77058 71773
66135 79384
67734 67507
69903 78045
70182 79602
71439 72920
75315 74708
69113 67671
66441 75752
77043 70541
74722 72770
71079 76878
67182 77027
72096 70236
79812 70427
75107 72074
66373 77515
66141 67397
73581 71972
69021 69267
66969 76351
68472 75387
77223 65435
77464 68403
72870 73540
77740 74053
78928 73749
76667 73297
72771 67268
79393 68441
74406 71463
68685 77492
72129 78759
67180 71765
78847 66652
74048 74927
72829 77361
79660 79477
69185 65281
69969 67116
74019 67470
75289 65980
79673 66030
69735 79388
66287 77025
77420 71922
69197 66559
68738 67121
73271 78160
70034 67384
74964 69136
70692 72988
73585 68460
75566 71050
76244 66510
68026 76593
66436 66126
72941 70403
65901 79780
70567 73019
66819 68015
70365 71046
69849 66581
69361 70162
70785 65451
70267 71111
70704 66988
78144 74338
65956 68917
70030 72284
69840 76063
70668 66272
66948 69408
70085 72761
67159 70406
66950 67972
70440 65110
75112 70098
73604 72439
79490 66663
70756 65201
73691 65853
70797 77979
77146 75193
74275 79149
71399 68516
72656 76855
78489 67877
67680 73236
68705 74917
75416 71197
68911 68221
76172 73775
75480 71084
65431 76330
67638 68249
74612 65288
65480 74201
74434 72594
65461 71396
68958 67057
66520 66795
73538 74787
67538 66221
70499 70946
77543 70944
70032 74670
66734 76707
73207 72728
70181 67894
77993 79395
70116 72683
73159 69917
76140 70066
71328 78127
68434 69709
67031 77112
75321 77865
74840 73106
71851 69456
77794 69565
72692 77075
71797 70172
66779 70734
78411 76827
77784 70885
71644 74766
65084 76978
69486 68005
73880 65538
76101 78967
78467 66054
76964 68084
73556 70378
68607 74233
65244 72663
66822 73505
68219 66798
76186 76843
71791 67378
78082 79774
76872 69559
71511 75251
75317 66369
72251 73070
65914 68639
73925 75654
70095 67491
71249 70574
79464 72936
66179 66296
77308 69277
65492 75520
69342 71224
66836 69226
67137 77051
68938 69987
66736 74313
69151 68960
66218 73678
78840 70687
73713 68315
75094 77703
77083 65962
78041 65940
67980 79682
74962 69899
65305 73127
76498 78690
71098 67789
65144 75521
70381 69541
66899 77883
70254 73049
69904 76990
73504 66704
78445 73513
69225 65269
74113 72324
76164 76242
77672 78861
77285 76684
66596 65074
70038 73439
78721 72358
74128 72815
72313 78863
77677 68199
73846 74538
73476 73743
78304 73024
78877 77752
66632 68971
78922 71633
71646 66583
76214 67309
67673 69763
67593 67790
77673 78865
71570 72279
70593 71162
67799 68479
66307 76544
77207 66985
73863 71383
68544 70707
66634 65545
70900 76026
75256 72069
70506 73578
73408 70027
75552 66219
70338 76766
69999 71955
69687 73402
78122 75574
77347 65470
68982 65176
78738 68815
67416 77455
78331 71069
72134 67805
67512 66003
67132 74383
76060 75185
76645 65317
73630 68057
76197 68003
72386 65386
72902 77332
70717 69207
67660 69768
73808 74432
79787 79357
66435 66630
78681 68089
67161 72904
68586 70714
71769 75940
75666 68359
69936 68588
65553 70105
70101 75463
79977 76752
78171 66897
75676 78814
74540 69116
78719 67867
66724 76914
76496 75340
78422 76431
74780 67749
69930 66882
71833 74483
66417 75274
65908 69042
65090 65833
65240 77766
73485 74625
72197 70330
68592 79436
73922 76127
78822 75306
76738 65077
79542 77918
72203 79471
65179 76469
72460 65266
71544 68966
76510 76748
74355 79165
67450 68740
75616 67553
78613 79980
73799 75631
70709 70049
65759 71158
76174 77878
74566 71579
65146 70870
76142 72582
74893 76487
77982 72955
75128 69722
65479 68372
73116 65384
67376 67391
76702 69472
73259 79184
71941 72783
66515 68018
71626 68714
70492 77578
73751 65232
74881 68357
79693 73332
71604 67911
65718 78281
73531 75908
65761 77335
66558 74843
66803 77485
75905 79485
79854 66608
67431 66642
76900 74213
72897 67800
74936 70818
75166 72359
76162 72320
69769 79877
69975 70614
68742 72262
65302 71409
74341 74977
75004 67637
68818 67351
71701 76286
77292 71676
69158 75899
71209 71239
72540 76633
79402 67477
70636 66872
71452 73694
72252 70850
79845 73085
71978 71255
66667 73921
77563 65437
67291 67015
71621 75787
76299 73685
65458 70072
67044 79377
79011 73586
67573 70969
76995 75808
74132 65483
66103 77045
72659 72933
74531 71692
68952 71914
66587 70323
74344 79948
74712 66082
68049 65783
73928 73108
65738 79561
69806 71560
68814 70349
70094 68068
75732 72730
79425 78891
67875 73914
72595 72965
78579 65033
71128 78426
70012 65605
76700 77014
78158 65227
77687 78836
70543 65771
70888 77768
69148 70860
67497 67672
74151 76943
71762 66965
77145 72898
77076 76655
67165 77958
74337 79582
65742 74063
76069 74145
70166 68363
76269 66120
76516 66878
67636 72797
72614 73702
72729 73083
74792 70304
78860 71003
79894 65756
75465 77419
66067 76416
66875 73286
75593 77956
73571 70289
65257 66952
73536 71597
67054 76788
72086 66673
70368 68037
76372 78245
72503 71882
74736 69407
71682 65749
75834 67319
69826 77010
71096 65677
73686 67444
76798 77060
75920 71919
67086 69266
76650 69663
71767 78619
67820 72462
74024 71175
75133 76963
65777 73118
78314 72939
65214 74196
66294 69586
75485 68012
78183 78851
71867 68622
74508 74471
75110 65327
73149 67886
74017 71322
77802 67261
70447 70575
74438 68422
69083 76906
70239 75056
69918 69413
68133 68974
75710 77952
66525 78664
75105 70694
79613 71527
66578 71160
75424 77196
74751 69427
71595 75844
77823 71206
73771 78835
79944 74345
72640 78727
70496 76111
72114 75610
70955 69141
75546 69359
67920 71638
73430 72224
79431 79806
73905 72787
72850 68802
73534 72664
67547 70769
72945 68721
70629 72888
66870 69066
73042 73977
71745 67839
66237 68370
79822 67961
77445 71368
72674 75335
70836 76280
78353 77141
70233 79923
70856 72947
66470 77723
78126 76284
65858 67428
70459 79224
71291 77393
76301 72599
67257 77606
69856 71574
71109 74861
74389 67882
70970 66618
76767 79296
79866 68266
65408 70275
67039 74322
73877 72048
65220 72548
73079 76587
79975 75273
74786 74111
76113 74257
74442 74858
72304 69676
76175 77162
71080 70053
70474 67218
75226 66702
70754 79798
75962 68302
78476 73410
76264 70872
73193 78300
79488 70215
65804 66825
75817 71345
66978 76575
76760 66500
79084 79521
70046 72849
70607 68556
72625 78416
67302 72133
78465 74418
77038 70897
67046 79828
67179 71592
67414 72885
68751 73133
73374 67221
74725 78412
67909 68251
73851 66204
69554 72106
67549 75267
71348 71665
76571 69200
78012 72800
67069 70926
71842 77837
69945 70086
70638 77611
73465 75569
71434 77583
78347 69721
65308 78669
74124 65138
70327 67072
79120 66368
74745 73328
66222 77290
67504 65819
75867 68196
77259 76685
75734 76691
79560 71055
77000 68246
70028 68155
67881 77632
68913 79228
69561 78111
78951 79986
72479 71675
71411 67848
71556 76265
65076 70256
77013 76401
65516 73731
70058 71281
77954 67420
67274 73003
71448 71266
78634 66517
70212 67960
74044 70743
69073 79299
78153 74863
78084 79383
71062 79799
71569 67243
66791 75205
75374 77991
70152 76441
74256 69893
70186 75505
78150 75814
70531 71966
77252 73307
72856 69781
67939 68217
75643 74244
72499 67898
69963 77530
75696 72116
79844 70916
70355 65954
76326 75895
66038 74392
70698 76588
77192 71081
73348 74270
73235 74334
76590 78329
79290 65414
69519 68125
78844 71557
78659 74273
77762 67160
69871 66670
76873 72710
70370 76819
71780 79783
69209 72095
68806 65989
74580 78285
67454 75625
65111 76295
67521 78757
70700 76404
69580 76829
67788 72407
79584 79071
72288 68970
69511 66232
74353 73069
78558 68022
74425 79050
70390 75775
65722 65836
74499 74181
76189 69498
65047 65278
67394 78625
77295 67524
72982 79657
73072 67185
76527 69393
78463 78382
66572 76677
70476 76257
66092 73769
71841 69166
66971 72431
72872 65024
77569 72131
66806 72374
74052 68776
73521 66755
76362 70534
72004 70357
70823 68510
77869 74005
66849 78282
79445 66892
73073 78447
69157 76116
79972 73372
73831 69819
74800 77741
79386 74554
65181 66301
65334 72806
79929 78415
67677 78162
69597 77206
73657 72754
73397 66864
73627 79979
69470 75271
71866 75366
69096 65539
72801 76953
65405 76130
69236 65348
78985 79350
69190 78553
74943 77783
77970 78963
75825 69389
69362 69003
70154 66220
76206 68930
70684 71607
67485 70931
68305 68554
74756 71963
67740 73997
73714 67754
72071 65868
71379 78008
75186 78890
68245 74789
67496 71600
77233 73399
67501 66683
73923 68351
71149 70075
78839 67853
79544 66114
78031 72768
66518 74361
67442 74734
77885 73845
66349 74669
78624 71760
72428 70650
72983 74168
74868 65724
65339 70361
74069 79491
70301 69173
75172 69839
73341 78200
65652 77448
73437 66415
65603 65768
75624 65779
69705 72611
68625 74265
71640 72103
79049 71617
71189 79289
70331 65810
71622 71722
76852 73644
76923 65091
75367 78658
74079 65494
75756 69454
77187 65963
68230 78268
79625 73600
77438 71488
73337 67502
78806 65393
73491 76338
67345 73373
67045 77513
72700 71500
71235 66165
67993 77830
79789 67957
70420 68016
72156 78097
65794 73226
69627 66826
70055 67425
65754 65500
65813 66377
76456 67207
68555 70513
69850 67361
78289 66418
71513 79953
71102 71735
72837 74855
76807 68697
74870 72696
72430 76643
66854 77797
70669 70286
76448 74266
74105 70450
76652 66059
71373 73051
72577 70938
75792 75351
71454 67515
66459 77737
79678 79305
79804 78640
70050 65840
65139 67272
76191 71708
77862 67332
77451 71365
73777 79046
72135 65642
72350 79508
70621 73150
65597 68087
65774 76210
65531 65482
75077 79198
74336 76920
73167 70402
67318 76464
75728 76481
79338 76517
72948 77454
72889 68658
75379 70733
75652 77913
67650 72763
73394 79819
72724 69645
77073 77613
75419 79211
78512 79920
65636 79476
74586 73241
75027 68652
74448 78441
67081 68404
79638 68410
75589 79634
78507 73903
70067 68727
66431 77021
72558 74844
75767 77643
70242 67019
78279 66562
71302 72392
77095 65866
78195 74818
79404 78591
68502 72689
78710 74990
71503 72051
68843 77819
77137 67433
65402 77594
72476 70200
69924 78006
76896 74644
77418 71892
65300 77064
73559 72579
70472 79055
70623 73152
75582 73473
68709 78037
72338 76690
74797 73283
67012 66353
73654 77803
67018 72971
74147 72019
73174 74828
77747 73516
70090 74600
70678 77963
65851 78318
66765 67396
77172 74440
69615 79328
78700 71711
71826 79705
69979 73739
76646 66941
68354 71388
73139 73063
77410 65225
75040 66118
76281 67997
79482 73469
74314 67806
73573 75067
75759 70363
67063 79795
68641 75655
69868 79966
65495 72572
66017 75704
79230 73444
76935 75567
74981 69410
79637 69743
68067 76547
74414 75876
74574 71808
71279 66751
71273 75422
70571 73937
74551 68227
66963 67487
65683 65177
78882 72158
72230 78626
71225 68194
68094 79863
77718 78488
77605 69212
70114 79917
75033 66108
71891 77135
74658 72494
74292 70174
79365 68605
72345 76550
70465 75984
72442 75055
67383 65454
69720 79724
71502 75845
79105 75656
76952 75835
72759 77593
76160 73309
72446 76638
78021 73849
70464 71104
79022 72585
79500 71925
78518 67232
70127 77649
73339 66552
70963 72563
78217 65832
73208 66898
79285 74012
72152 70527
69601 69575
68724 77631
68870 72927
66732 78296
78481 74089
67388 76513
72515 79617
76889 66549
70167 75941
69651 66451
66043 71888
77023 65744
75730 78102
74110 76475
74150 66972
73434 79164
73930 75024
69894 70911
73676 72372
78672 74807
67833 65442
68908 71900
73162 78678
77990 65023
71058 65396
70904 69584
76085 74347
72396 74390
74194 79593
68291 72061
73331 76218
71573 75319
69023 79223
65532 66352
73145 69431
70832 68361
72500 70597
67962 68279
72387 65985
66874 75127
76796 70605
79530 76621
71127 78123
66602 74308
67149 75894
75991 69795
73638 74988
75827 72032
65046 66529
71126 76895
77306 77653
78471 67990
65472 65635
78249 76312
79171 65548
77693 73136
65637 79605
79632 75702
68186 67542
73949 74351
74637 66293
78316 71818
65929 65409
69835 73825
76602 77598
67443 67652
68945 76081
66754 75338
70092 66160
69218 69643
79151 67073
65417 72014
77650 67764
78503 75549
77430 75404
73146 70140
67813 78698
70545 74016
78973 70594
78521 72638
69086 76256
66528 73520
78585 76599
77039 74992
73625 70773
74552 70522
69251 75907
71785 71428
75440 68437
65069 72258
78105 75695
72218 75008
76625 68732
75647 67621
75242 65953
72366 72830
66693 66638
74617 75869
67175 78957
67245 69022
66680 74603
66611 72767
72101 65871
75782 75328
72751 75222
74428 73104
67936 77397
70504 79551
78749 74597
70145 72616
74041 70246
67602 79178
76102 76348
74167 73043
75807 69599
66938 74398
78228 74277
79744 75464
72609 74310
70674 73759
69154 75812
79728 79690
72184 66903
74349 65195
79135 77498
65469 72600
73784 79792
73736 75884
71971 77042
76133 71268
79329 77239
78573 66370
65354 73128
75573 66318
71559 67260
66650 69245
78167 79346
67865 71751
79861 68063
68011 76031
70157 75737
76661 78901
79327 68492
73119 75012
74812 70483
73940 79072
79771 67589
65420 79356
75754 66863
67905 76343
70505 68023
69068 69812
65003 71688
76419 75032
65612 69494
75954 79559
78923 76439
72764 71152
78730 68272
70530 78480
76099 75507
74986 75735
79139 69926
78444 65651
75234 71015
79240 70358
70833 69388
71684 78931
75713 77407
73976 69264
77866 71472
66000 71064
78030 68355
74737 65416
70458 69995
74294 75250
66766 67026
70794 65979
76415 75383
67162 65645
66883 71776
74437 75776
70917 66149
78745 76357
72314 79507
76512 65315
71244 72916
67206 75063
76948 65760
66385 69989
71968 69372
67300 73292
77227 68838
73405 75513
79826 65657
69951 67887
75448 68500
79173 65649
76566 79665
69621 72909
76559 69139
76598 65473
68383 74957
68469 68121
76158 78918
75449 65412
78615 76904
78577 78974
74371 66180
66019 67860
67774 75113
73495 65786
68842 78354
65049 78834
74536 78286
75051 74721
67215 74599
76897 78050
67517 71470
68394 79202
79083 67809
67827 78250
75575 69667
68114 71267
72070 71213
76205 68560
65747 68653
79126 74522
74067 65808
69145 73544
73817 71746
75101 72658
79803 67055
67518 68262
71885 74622
79712 74158
76879 68470
69937 79571
74372 73862
68816 72309
74006 68704
79064 71008
74759 65425
76374 73974
70479 79413
71876 71582
68800 65583
65135 73064
75099 72125
71155 69400
74049 76303
77116 77792
78046 79927
78464 69175
67244 65504
73401 74707
76746 69714
71076 67966
77566 65186
72091 78148
67426 72705
74329 69879
69027 66396
76540 76080
69983 76776
75002 77526
74874 73906
70077 71795
75014 72995
69172 65615
78492 67765
69271 68081
69117 71105
65619 71937
74129 67628
79310 78335
68975 67281
74922 67712
74733 75523
65798 75811
77250 67974
70051 76902
68004 67374
65610 68097
66049 71856
66434 71673
68791 77261
79564 74021
76091 66627
76530 77544
73290 78880
66011 76154
72803 77751
65152 75324
77147 66483
75139 71355
73943 74662
79087 76506
74333 70202
74997 79415
72140 75402
67106 69912
78913 72223
66253 74076
74359 73682
76689 65280
79030 66485
79131 75344
77382 65787
76328 74209
72281 67167
68796 79658
73359 79021
74971 71201
67786 76341
77110 72682
68640 75715
65899 73278
79694 77048
66695 77541
70226 70881
67907 76817
67635 66600
68397 65241
69634 72493
76858 75872
79010 71443
79695 79541
79990 65931
73634 67634
66390 79510
76290 70949
73239 73722
67346 72178
67310 75173
74332 79601
68549 74436
71117 68252
70920 75433
71944 72796
75309 65428
75459 74894
71290 78085
70589 78408
72662 65934
66191 67619
69029 73656
68782 66930
73131 69834
71150 76521
78638 69793
69179 76082
76722 79677
76421 66753
77758 67709
72779 73703
72838 66002
74795 73936
72283 74034
73376 68676
67321 70728
73356 66085
76420 79115
70153 66771
65942 66412
75100 72470
78875 71496
75244 66328
77962 72735
72308 75479
69542 68954
76444 68430
71397 76114
74179 76331
71256 79093
79315 79704
74205 75706
78271 68804
74886 73203
70799 73204
68618 67763
65467 77389
70457 71809
65360 65163
74363 73194
79486 72969
73467 70482
74773 69484
75927 73970
78895 70469
70796 79515
74714 76051
72010 72997
78832 68316
76014 68408
73965 76229
74991 69772
78670 69659
67352 66213
70283 72639
79499 68496
65613 70016
76780 73438
79882 71210
66206 71016
77046 72910
72222 73746
67205 76121
65322 70511
79548 79144
72560 78040
77339 71479
69603 73961
70972 78980
73770 68559
65318 76180
79643 74688
73537 70373
68834 66651
70042 72617
72865 69574
65514 75535
78665 78152
73606 74106
66257 65065
79494 67432
75070 79970
67478 73301
66159 73622
68083 79891
69341 67925
73892 66008
65445 78239
79444 65620
70625 78828
68209 77302
79898 69411
74212 77843
65789 77577
79412 69883
68682 68320
72555 74584
67028 79958
79111 69901
78596 79493
73249 69307
69305 71510
70713 72497
69669 73902
73962 72171
73228 70702
79076 72064
65343 79172
70033 67401
79985 67436
71168 76924
79761 76673
76917 76311
73640 77966
77552 65207
69436 66016
71277 79331
79059 79750
68934 74492
68144 74186
69184 77652
79003 74210
75646 72405
69919 75602
78557 74115
75476 78825
68385 74730
78340 67510
72433 79566
77685 69211
77695 73155
72289 76572
67969 77647
66473 77315
66035 75982
70622 71549
66245 65062
65692 65881
78197 74961
66202 65599
76446 67141
67107 69476
72482 70247
70581 79919
74504 68326
72953 71610
74654 72588
68997 76976
76671 71017
68285 68708
75916 75049
76772 75650
71402 79478
79769 66072
75601 71721
78196 65859
69647 76492
76436 79427
74043 66268
75487 71108
70380 65095
65564 74661
75041 66838
79840 77391
78878 72896
67412 68412
72944 65913
65119 69036
76695 79765
65835 73471
72361 74611
71996 70328
66299 65056
76533 69991
69335 71521
66039 70723
73807 69531
77968 66735
70336 75888
76711 73973
68281 67741
71467 78230
67029 77453
74443 74869
72921 73788
75478 66551
78501 76003
69741 72233
67494 79554
69094 66288
79553 77281
77616 77294
69532 76612
78684 71568
76048 76171
72317 74968
78631 65063
72326 76676
65740 66593
72399 72250
65910 65661
67793 66189
70143 66235
73214 69091
69666 66014
75931 74318
71306 66931
75364 67305
68848 74784
73398 78218
73881 76108
67862 68188
76273 67964
72520 76236
77320 73650
70965 70792
74613 67818
76316 65103
73591 67944
72084 70097
67738 72984
71887 69671
65370 73041
71038 65905
69916 66804
76037 73776
74357 67200
68344 74822
79156 71522
69514 79481
68055 67690
78182 75912
70126 78292
77590 69944
68548 76967
79405 70041
67100 66834
71865 78409
67068 68678
67140 69980
67088 73453
68992 75214
77260 75841
67380 68859
67706 72752
77217 73340
74738 79701
78563 66327
78177 77376
66700 71179
75822 73206
78905 72419
69379 73981
72631 68443
67661 72128
76000 79041
70579 70266
67815 79112
65399 74926
70566 68454
76735 68788
78850 76637
65429 66913
78589 76949
79466 65797
67753 74404
71962 74302
78194 76376
69973 73649
70957 71086
78320 79045
77870 72225
69861 66217
65208 72781
72636 68241
75269 73490
79351 67623
65734 74207
66816 68171
79518 74323
65894 66606
74457 78742
70337 74834
69133 68010
78221 74804
66842 73954
74735 65205
76259 66697
75045 68874
76247 69300
72812 66722
78743 66154
79943 75638
66055 71125
73946 70015
74456 72403
69424 71033
78240 75114
78982 69914
68840 78333
73033 66445
77057 70568
75645 72406
67758 75570
70528 70326
67601 66610
77396 65845
69088 67229
74023 77428
79073 71339
69508 65007
73570 77126
75874 76522
76992 78754
76584 75740
72732 78135
65273 77523
77848 79726
72634 73020
69420 68747
78699 77482
74254 76473
71672 65097
68346 78178
71272 71495
72962 78402
68402 65070
77508 75579
79890 76850
66315 68871
74467 75013
73818 75034
68478 72007
79652 77560
66329 67154
68043 66371
73358 77487
67369 65682
73989 73087
74117 78051
65395 78946
79978 73420
78497 72887
66655 69590
75914 78485
77542 67269
69964 72478
66190 76460
66810 68995
78370 68994
69483 65432
78366 72862
75682 76107
76203 65502
76327 68311
79513 77473
75600 74518
71473 71928
72306 74199
75187 73369
78632 65509
69547 73110
74628 65072
72425 65627
73134 75842
78330 72162
70696 72605
69673 72811
70429 67398
73584 71816
79691 75925
68432 65044
68778 69301
69014 73785
67892 77104
72901 74387
70466 65897
68901 68146
77662 77208
66653 72642
76836 79503
73156 71323
70740 77052
65383 72093
66772 67025
76424 72905
66501 79180
75963 68931
77371 71258
71359 71518
74605 73209
79963 79820
69208 70165
70437 79169
77078 76894
70393 77326
65828 71859
72456 75064
72975 65463
78170 69842
72481 70259
67109 65323
69272 75525
73032 69913
74532 78952
69539 72072
76495 69253
65710 75414
70572 79212
74728 69124
70377 68104
79469 70082
74227 73478
78114 73991
74232 77317
67059 73829
72029 65729
72546 73957
70827 69746
70954 67176
76395 72914
65990 79723
71771 78894
73188 75871
78306 72025
65941 70747
65336 79793
67612 74008
69287 74755
71303 68769
67226 69033
69409 65892
68517 77557
69857 73124
72376 77635
77219 67117
74144 76363
78519 76345
79039 69777
70838 68790
74046 70372
73797 72748
74624 65388
68532 71615
73013 65372
73835 72576
74645 71845
72532 76931
77826 79418
74160 65151
71236 77734
67481 77433
68164 65009
79734 76322
65943 77712
73015 74224
77745 70736
77960 66509
78992 78452
67461 69993
67735 71300
74875 72952
67275 65571
76956 77466
65270 70410
70244 78241
69692 66264
74876 69852
67730 65842
76809 70035
72422 76198
67897 70099
65073 78898
66131 75693
71333 73123
68427 72188
67921 66787
76491 68364
77623 76288
70628 65522
76423 65884
66639 77053
74629 73793
71580 72390
75952 65746
75594 69138
65060 65596
72867 76422
72275 75995
67922 75270
73717 69870
65311 69589
70216 66384
76698 73816
69311 70837
69960 68943
70433 67559
76361 69196
65687 72866
76624 74512
71204 68117
77062 75341
67166 65507
77860 66312
65164 71135
78159 77257
67123 68717
74099 79501
77316 77534
74970 70297
79446 74152
73264 67438
79168 65171
67646 75066
72199 67975
73080 69752
66709 66249
77622 72753
70495 79671
79850 76402
65788 76305
78328 78852
71628 72691
76126 71366
65173 71107
69737 74596
67697 66416
67973 70777
70341 75444
75399 77386
71981 66028
70084 70448
77994 68649
70020 76150
68442 70789
72363 67670
76833 66033
65743 65807
79781 74978
67062 72239
76432 74101
76610 69269
75508 67949
73931 65510
78692 65850
68686 66511
78260 73436
77780 68275
74974 65790
68220 75779
66568 79639
69764 70102
65681 78685
74985 77863
66691 72365
76087 74059
67884 74993
78726 76277
76028 68360
74963 73782
78456 67705
79506 71211
70134 78000
66406 70941
66595 69181
78755 66172
77694 79851
72784 65639
69507 75957
72057 72122
66543 66893
65411 75210
73528 68666
68629 70294
67041 67823
78308 70840
76576 69467
68294 79747
67164 68292
65296 70395
70110 66145
78389 76038
74923 70952
69759 66961
68259 79364
78784 68915
67078 65618
66879 66467
65213 68390
69545 78793
71538 73741
65045 77972
79373 71932
77898 77744
76620 68111
78889 79856
74902 68892
69967 69503
69150 76622
78312 70080
69950 77938
66224 77586
79709 76070
78734 66246
77817 79733
68345 72115
75531 76631
72451 76984
70228 66698
69848 76118
65594 78214
68399 75858
67541 77373
73496 77574
79766 72690
65155 75301
69898 69434
73403 75882
79885 69327
72144 65258
68801 67238
70001 70461
67335 68935
66403 77919
66256 77240
66397 75263
74381 71623
77945 79029
68297 76466
68172 69044
70415 74956
68143 79123
74689 73464
73735 75453
78537 75109
68689 76282
77199 73960
76418 73125
73836 75617
66820 65020
77157 68136
69001 73623
76018 74141
76144 72522
66687 68407
70536 67290
67446 71863
75537 77822
76537 65606
72241 78899
77079 78813
79326 67356
65197 78474
69805 70453
73550 71219
73567 65802
66777 75174
72424 76950
68467 77675
69655 77908
67835 72607
75334 69331
78987 78959
71504 79467
77299 73695
72421 65198
66730 78410
69479 69082
67874 67417
74944 71029
68300 77490
73565 72919
65080 72273
77168 69996
76834 70857
76071 78338
70306 74519
72790 73800
71535 69688
73441 74530
66128 66153
75515 69940
74904 72736
65893 72693
74268 76039
73280 70726
68028 72760
67632 72123
71265 65966
67060 65064
70688 74312
67858 66426
79956 78487
70334 67639
72459 71699
73515 76032
66230 67146
76147 78266
70681 76853
70675 70490
67715 76225
67480 67891
78272 67979
71994 65122
69582 73781
69928 77456
67655 77516
79999 74054
77415 70442
79621 73299
78433 76866
79489 65732
68228 79937
65987 73983
65264 77109
70768 70982
68809 69845
69203 67917
70882 73861
73122 79992
76297 74679
79968 68757
77032 77524
70649 71843
68718 77392
73338 78590
72319 77977
66427 67850
71205 74421
74093 72716
76782 76490
74135 71806
74621 69128
74459 78716
72495 79936
67943 73404
67297 69700
65255 74771
78059 73891
72570 66541
65157 68006
74342 73172
72475 67883
77924 76670
78960 75272
73258 68581
76619 65505
77920 75434
70243 77545
73009 67273
73303 79558
71233 75580
72727 71636
79794 75093
79008 73196
70869 73362
75796 67896
72766 66076
69114 68174
70405 73929
78317 67819
75742 73834
79676 78028
79870 71696
65218 77011
79834 76049
77245 71178
71099 74642
75862 79746
67804 66560
74946 71894
70245 79546
77266 70526
66091 69302
76066 79598
76647 78595
76653 65528
77858 66343
68748 67622
75945 73343
69712 70404
71118 73002
73240 66811
73026 73897
65419 72013
66214 78095
79419 79474
78866 74157
70745 68774
79881 67569
78451 78043
65310 65751
70523 73934
71935 65013
70231 78146
66449 74556
79292 66566
65820 78013
71028 76687
78067 73319
65822 68787
73276 75778
68426 72191
77367 65174
77426 65377
70884 77277
72958 76459
75439 70890
79603 72248
73077 75906
79685 68518
76678 76451
65037 74879
72899 73522
71975 72873
72423 69900
77108 72661
73773 75873
67001 67169
71157 77459
65589 72553
67640 65132
78919 75276
77799 72384
74130 77657
77709 66497
68481 65875
79192 73628
68365 73856
76426 75497
79903 78384
72694 70770
72276 73132
66229 70514
65874 65499
68379 70305
72237 67357
68030 74717
70561 65737
66522 68337
70826 75651
77394 75659
76553 78941
71588 75769
67792 75499
74623 69280
65688 77480
73318 74271
72022 79191
74180 65210
72047 72825
65821 74366
65707 75302
72035 76231
72554 66022
69787 76937
70282 67630
66207 65659
79130 68683
72747 75581
70612 78999
74066 74133
73260 66007
77850 72409
68522 67037
72644 77447
77100 76933
79177 73648
70975 71898
75851 68762
74983 68523
70843 78930
71134 75889
70551 74248
68091 68558
76845 66053
76938 75550
75557 76538
69337 70059
65673 71353
68334 78756
70318 65670
66465 76234
75885 73870
67531 69497
78404 74478
71917 66079
76991 76224
78324 77790
77346 72744
79065 67768
69262 74553
78671 79210
74280 67241
75964 77764
71728 74793
78379 68389
72049 77028
70741 79497
74231 72256
68243 69786
75215 68667
68366 78747
79880 66845
78322 67466
69982 76017
77105 70359
70752 73500
75136 74702
73040 74082
65352 70037
77793 66382
71438 71976
71718 79785
79782 79527
77289 78096
72871 70932
74916 75406
73709 66507
78765 69978
70718 71822
70933 69644
76176 79874
71596 66676
68905 74413
74360 76435
65008 73704
73431 70816
78515 76347
76764 77717
74290 65136
76574 78564
65660 76135
68876 68167
73618 67113
73732 72472
76425 67583
76821 77791
75875 65234
75762 72254
70159 68159
74805 74560
70800 77155
72260 68926
66813 69811
72922 77618
67447 66923
70852 66701
65363 76096
78791 73484
78361 70819
66462 76088
71744 68660
69569 73971
69499 74235
77640 72293
69797 71670
76057 66808
70602 68384
69990 71292
74500 77892
66339 77037
73539 79232
74852 79646
65397 67579
73288 70261
75820 71969
67567 67727
77579 77518
67756 79570
76741 69836
71314 78969
70691 79207
72687 77626
76899 68000
70910 79534
72734 66918
77538 66319
70521 71465
76606 73964
69799 75199
70569 68210
72414 65325
75502 78003
65484 72153
76427 68702
68461 77681
75035 71965
71415 67707
71755 73267
79967 69509
66099 76350
73839 74687
67895 76221
68044 77827
71330 74409
77553 72079
65530 66982
71889 70596
79539 66109
79433 67613
74609 67212
67017 75149
73791 75711
78403 69437
71009 70234
68595 72892
68961 77627
73285 65782
73135 65490
69617 76471
68439 78780
78775 78522
78205 69921
69260 69513
75006 74140
66031 73383
65191 66977
73315 68691
65668 70241
78206 76302
77174 66433
76742 73222
77423 75435
75938 77434
77360 77798
68513 66830
73576 77872
76787 76579
67644 66635
75642 76263
75699 78278
79311 67124
70293 71115
78717 76092
71564 74982
67393 66375
79037 73532
72574 68127
72098 78005
68980 72578
69485 76701
70017 69304
67471 77533
73229 68880
66234 65079
69792 66088
79687 79449
79700 76005
71948 71821
78251 69757
65357 72739
69241 72169
75985 68855
69354 74729
72434 69432
73774 76094
76758 74142
75967 66815
73639 77253
69071 75396
71458 71926
69923 77425
78253 68577
68299 78940
66243 72839
73883 72966
75896 74561
67585 74882
74579 69000
69159 67064
68290 68759
68329 73873
72113 77377
72623 70586
70863 66476
70893 72041
72042 77284
65529 67422
73552 75451
65909 73293
66713 78718
75903 72601
69466 77216
72861 72450
74545 75204
74867 72182
72651 71702
69607 77273
78560 69333
70672 77378
66712 75833
71456 68339
78513 77248
77345 79713
72315 77978
76468 72932
66894 65664
66746 78453
66646 67280
72575 73723
74382 70959
71000 78265
71073 71789
75349 68981
68495 75029
75936 65900
69986 70356
67129 69526
69474 65838
69256 67448
70163 72310
74417 79251
75050 77164
66933 79873
75322 70324
74691 73247
72534 74071
76891 79718
76054 74528
75323 77857
79675 78911
76165 70858
69457 65846
71426 70989
78429 79253
73428 74837
78255 71166
76480 77470
74543 70428
65366 72038
71716 75757
69841 73806
68542 68862
67987 68582
69533 70603
79722 72773
65312 71984
69112 68924
68979 76131
70500 73218
76585 71602
72533 78902
66991 69232
70953 67760
75785 72447
65439 73268
65130 70991
65313 66310
77161 74472
69152 77937
68216 65364
65730 68204
67201 74431
65407 75394
66843 73458
68910 79244
65275 78060
67102 76806
79939 73994
77304 77368
70868 69875
77953 72552
78655 77283
69719 65040
75897 66762
73786 77825
65068 65706
68519 77614
78514 70057
73529 66045
72846 71507
79110 71567
70389 77562
68749 73413
69250 75028
72323 74373
66447 77897
78694 77707
69689 65359
67338 73351
73177 79001
65316 71404
65865 74039
71441 71936
77942 66274
76557 69385
76975 78761
74426 76278
69701 77311
66052 79636
78956 74752
78799 74025
69213 71501
76569 67532
69581 75291
77019 70913
77341 74463
70825 77948
70273 71700
66464 70851
70394 74107
72381 69025
69316 68604
75247 74388
74143 78372
73677 65562
70401 78208
69221 73329
70178 67904
77537 77841
66345 68501
65801 73246
79066 67210
76467 74537
69959 73548
76040 78714
75738 73440
65524 73257
74092 75362
74195 66162
78614 70069
79429 76909
67668 75795
74191 79853
78017 79288
67322 72653
77666 75030
76750 70820
78325 77788
76543 65279
70250 78900
65441 75879
66484 79740
70645 77429
71027 77729
78071 77297
71817 75626
78740 70113
71336 65349
72531 73370
67849 77468
68610 72918
76385 77767
70620 73147
71043 73990
67714 76440
66117 66150
65493 73664
70131 73121
65958 72708
66932 72884
71864 67194
77436 75761
73086 74309
68941 78180
69447 68795
74464 71590
76123 74339
68019 66346
65593 71308
68591 78646
74817 72006
68614 71142
75413 71903
68013 72415
77132 75968
70845 70883
78494 75388
68438 75915
67666 72130
77634 66414
66976 66901
66850 76400
66260 65158
66584 68304
71146 66533
73541 66184
68393 75853
73448 77584
79532 68784
77033 70399
78482 65160
74416 77854
73587 75159
74226 79498
69368 72593
65814 69695
66084 76922
78554 70924
65551 70161
72343 68244
71957 65471
66970 79855
71460 67463
76204 67698
74802 71048
78916 76408
79905 69452
77884 73078
78243 77180
79443 74246
78128 66020
66749 77671
74077 75606
72377 79372
79670 78904
67239 66786
78414 66885
71796 78879
67308 74564
73365 75986
75605 78212
68477 75640
79858 74649
67010 79981
69349 66946
65965 73449
71294 76200
79830 75975
75080 74998
74221 78355
77363 78525
76476 79186
72065 79833
71232 66499
65552 68226
78475 69925
71723 67505
71177 71930
76482 74177
73745 76968
79422 77808
78817 68317
73114 70557
74667 76841
67821 69594
73542 67590
74747 78526
70808 76629
71287 70342
76893 76577
76332 74590
66999 70942
71312 68250
70371 71089
76728 65665
65488 71259
69833 66780
66365 71643
68126 77934
73254 65345
74996 69957
67693 79545
65081 67657
72641 77630
79775 76021
67307 67514
74102 67854
68857 68875
77188 77714
78977 70861
65536 72580
66034 77753
68160 70177
75392 66069
65694 72373
67415 69855
75667 67526
66866 74146
75536 77387
69742 73219
74319 76137
65702 69824
74400 65038
77263 77300
76562 78168
70456 71352
73979 71603
65998 74641
74075 70664
73429 78855
66907 76355
73098 78029
67701 79200
74424 66475
72526 71832
79692 72487
73414 78798
72498 77462
66919 73608
66827 76936
65085 72380
73843 65795
70470 76526
70141 74681
66269 78036
67134 77275
69246 71858
74709 65344
68170 69613
66992 66279
65126 70600
67536 74348
72429 70654
79949 74484
67954 68904
76219 77437
79085 65159
73489 76825
74660 71897
69794 68620
66138 73590
75917 76932
75482 71677
72857 76644
73432 70424
77267 67190
79895 68190
68936 78778
66833 65591
66381 66383
70130 68900
78797 73612
66561 71243
77615 67550
74801 66193
75839 76608
65829 70128
76117 75437
79349 76335
69445 66607
75849 78857
79524 75829
73092 79119
70598 65595
76699 67742
65455 77932
69625 75208
72893 68455
78124 72807
68597 77855
73472 77507
78438 79225
76067 71770
68817 65465
78351 74394
73275 65006
67667 65071
65697 78270
66032 76808
72530 73142
65131 71122
69183 67647
74770 74061
65503 75545
69482 68203
74328 79145
68852 69954
79362 65602
69291 78779
72547 70144
71078 76110
78395 72749
72335 65373
72598 71814
77535 78715
72765 79610
68919 69032
71731 70188
79674 76275
66797 68999
75275 74022
70712 77340
78473 79872
76783 66302
67315 68756
69540 78854
79575 73594
77601 76151
71738 69718
69248 74864
74526 76706
66629 74429
68489 67145
65356 73772
70879 65726
68644 65466
73956 66922
67737 79336
70591 71639
73169 66774
65485 78768
78695 70809
68593 79322
69528 76901
77499 75939
68099 78958
65268 70426
73599 75798
73968 66344
69517 74871
65029 68050
73859 79588
71985 74513
76377 74374
76505 65679
65380 68331
78752 76694
75119 71508
78593 76789
75910 69043
65785 77906
69283 75644
69461 73952
78991 66320
67771 77599
70592 71020
74576 79829
70549 70022
73148 73215
74134 74009
78198 77071
76146 74636
65392 67824
79454 76217
65967 76774
75371 65997
71459 75955
79117 72681
69308 65487
74073 75770
79525 65806
76856 73361
67353 71407
75043 76549
65410 68348
68456 67620
78321 67459
75893 67479
75934 66865
72046 66668
67091 73212
67213 70895
73669 66386
66255 71056
72354 70392
76375 77520
79353 76525
79528 65284
65721 78909
74664 72168
65993 71487
79703 66324
66181 76202
75357 75017
79157 66823
66044 76959
71608 79002
70814 74391
77080 73066
71091 77585
75709 70562
70204 76307
67328 66238
68282 65468
76669 79247
67445 70509
79821 72005
68566 69356
77144 71375
77748 71763
78234 68716
67024 74289
76409 68916
65433 72864
68380 74753
69941 71499
74798 79363
77234 71562
79226 67000
78269 76344
70047 74291
70011 71120
73659 68283
65895 67746
72344 73300
67915 74631
68563 66337
75634 68647
69309 74685
78443 69084
66809 71782
75680 76392
71778 78937
68193 65543
78348 77334
75932 70912
69699 65367
67294 67283
79330 75135
67379 69504
67665 74468
70432 68267
67609 72206
69640 73549
67265 72722
70529 71471
78442 67725
68436 66262
72713 74386
76494 76349
69738 65398
77209 65116
69478 75854
78583 67996
77947 72551
72285 70471
69099 70211
73377 70287
76682 76740
76323 67085
69370 67866
67295 79562
72567 69320
79600 78869
75898 71387
79587 74126
70014 65631
73354 77201
74430 68457
70788 73313
71599 74947
78399 70423
79574 66223
74969 79249
79359 76868
65238 75163
73187 65699
70922 66152
79814 79989
69626 77246
71182 73626
65496 78811
69909 70271
77008 68883
72393 69562
70631 73269
67150 71884
77678 67079
78109 72794
65662 76410
73758 75403
72486 65775
68490 77656
72521 79952
70109 75855
70615 68451
71784 75723
65969 70071
70560 74242
73014 76898
70643 70170
66675 73231
79519 79378
70184 66271
78748 75744
73967 77501
67077 65285
74161 65403
77925 67381
73270 65282
78053 66598
79913 67292
79599 77699
72502 79062
69516 70940
66900 65142
70146 74790
66466 72673
69286 70196
76951 79075
66248 79908
68152 73395
72437 75300
72489 68887
75527 66357
72397 69365
69611 74263
69233 74474
73986 73853
72587 66973
74170 71534
69535 69988
65890 66537
73951 73184
65059 71405
73012 71749
79155 76035
74249 76660
77093 73447
78970 74108
74695 67313
65793 65549
67767 68877
74723 69948
67348 73950
68567 77580
69734 78527
70811 71385
65867 78139
76325 70524
78581 73823
66442 68448
75225 74300
66132 77280
74764 76493
79802 70711
66125 74731
71358 75236
77222 65712
72606 77831
76429 75571
76657 79811
71753 79441
73838 70552
75122 74653
79883 72100
70302 77724
67914 66144
77314 66029
76050 73947
76149 77422
78657 72791
67675 79633
65351 70354
71492 67053
69214 65926
69579 79522
75763 69587
78223 72940
73179 79320
74267 79642
70362 78390
70445 73189
69774 79669
76132 75544
69132 71920
72212 65791
67571 77996
77348 67035
72351 79257
73327 67247
73366 75539
77891 73744
67135 69652
65848 67299
76793 68898
66773 78256
68139 73245
79314 75671
73461 67460
74995 79366
71181 67783
77444 70387
65094 72189
79150 74343
65889 75850
76023 78808
76360 68745
66895 65133
66891 79088
78311 72676
77170 69631
68957 71254
70366 78297
78149 72118
79719 76386
71004 76267
79430 72961
79941 67546
76384 69199
77851 74090
70894 66649
66640 65945
73321 71442
78947 78926
72650 71706
79360 71327
79163 68737
70308 66308
70316 78380
67387 74007
71918 72960
74433 77002
76115 79060
72192 76216
72571 65087
66291 65337
65230 67023
73325 68664
67189 75935
71798 74087
68866 68191
74240 79396
72187 68424
75614 79269
67429 79459
66599 70802
69971 71271
76733 66197
77688 78876
72370 72848
79189 72667
66623 68327
71147 68886
72301 71987
67074 75551
68293 68475
72174 65027
76474 65540
66532 71026
77255 75648
79428 75998
65696 70914
77274 66424
73091 68963
72194 74726
79933 67358
71960 74885
70193 79594
73038 68206
73760 74482
77442 71347
66984 66227
77265 70518
76777 75001
74072 70980
79118 77949
79779 74166
69076 79914
72443 66928
72828 67648
65449 77288
66040 73157
78368 74514
65192 77814
75553 69726
75816 74542
67934 76268
77637 72680
74451 74901
66399 70846
78358 79133
75852 72878
76411 73202
78039 77489
72193 65491
67413 78576
73424 76279
65249 75147
67093 69934
66966 75171
76393 74630
69994 73138
77890 78287
77796 68529
73302 69281
76029 68458
65381 79335
69127 73000
68324 74760
76438 68255
76799 76201
68942 68258
67464 78604
69165 74823
75068 68888
68271 65911
79098 75279
69459 73794
79361 75421
78156 70299
72075 68811
70554 76356
74686 78933
73291 72998
79051 74095
67395 69832
76730 72087
67204 79867
67095 73924
79832 70739
72613 77701
79479 71629
69005 77408
72417 76002
75052 71313
78280 79974
70902 79190
66004 71999
68138 78069
66480 75864
67985 74665
78546 70431
68482 66763
78881 76996
71717 78267
72300 70462
76298 77151
74928 68256
79014 71324
70281 78649
67629 67563
71524 75021
71668 68918
69753 67111
72454 66071
65474 72468
65903 65769
78524 70103
68306 65930
73876 68418
78906 79175
78786 78542
69351 67967
75326 74984
72444 78009
73129 65456
79706 78804
70217 76877
75718 65448
67506 79520
73766 66456
67334 79918
69419 70867
69677 76913
79070 75689
67392 79004
79608 78192
75672 66200
67631 66592
74785 74057
69552 68969
68506 70503
67991 79586
66884 68663
76816 72925
77035 78478
71362 74847
69985 66920
69972 68736
76167 75911
65287 72062
67228 78374
76055 75069
77129 77589
68540 77571
78648 75150
72508 74237
72278 74131
74942 74445
73096 74085
77154 67407
77128 70781
76828 72804
66430 70060
77254 77106
76024 78428
65512 71298
77018 71921
71176 72440
75750 72994
70847 78457
72517 72881
70160 77449
67662 74924
72160 72908
69276 78187
70222 69257
67535 78873
66889 73093
72668 70475
78336 71393
65959 70223
77658 78843
71283 73433
74116 69685
76552 70979
74831 70815
74890 74975
78676 68865
70063 68799
78601 70656
73323 75411
77276 73750
68587 71253
65946 74411
67984 74704
68765 67916
66927 79888
78544 67831
66502 74480
71904 68650
75731 77735
70340 75637
77225 78592
65653 75350
69238 78934
77441 68261
79886 69637
66534 66231
67525 72090
71747 74094
75336 77178
74045 70703
65165 71136
76784 70801
67070 76194
77692 68534
74159 76016
79227 69716
67642 70285
69429 69538
75189 74776
67009 71653
67254 67744
66100 75161
72068 74887
69675 69055
74153 68746
79040 72621
76745 68964
66236 73668
76847 75865
65919 71450
67830 72186
67561 77036
70248 69346
68182 79616
79182 65263
72367 70255
73320 74569
78903 75329
78369 71988
66785 70439
78174 72200
68440 78773
66997 68643
78164 66674
72337 76380
65733 66113
70203 70533
79140 66964
73681 75548
73944 66421
74449 71044
75755 78924
67197 76705
66233 68240
70680 68288
73867 78683
71305 71754
65823 75123
66613 65685
75124 72461
67859 77379
69279 67544
67462 65849
70425 68149
78332 75022
75031 67586
72149 79241
67178 70759
72477 79838
72834 65330
74178 68672
79138 71703
79969 66944
65498 76289
72702 69038
68853 70765
67851 65805
79641 78949
69520 73048
72635 77930
79122 70129
67488 78191
72786 65362
78367 67576
67296 73353
67932 76359
78469 68619
78950 65031
70748 71940
65870 72852
78953 73865
78181 78849
78910 76443
74525 79035
70901 72139
66857 78637
72782 74088
71261 77355
68276 68507
71593 67342
67011 71669
67686 79666
67002 74055
72466 68362
73890 69125
65563 78246
70350 68289
68530 68322
72017 66075
79580 72586
76414 73055
66880 70062
69623 71270
70730 78277
69020 77550
70618 69403
66504 76981
76001 66545
70137 67520
73435 77446
71435 71871
65401 65973
65816 69487
75455 65856
79455 76863
71989 77558
67978 68547
67051 73886
73417 77312
67258 65525
75378 67400
68277 67098
79911 78357
69815 75361
67199 76073
66494 77554
74888 76795
70547 74727
79162 76632
71163 77503
67968 78448
66453 75327
73186 74211
67326 73692
70757 71862
70026 67311
78090 67679
72704 76957
78506 65611
65217 65773
73050 65188
76075 71982
70421 67047
76583 66083
71240 72480
79406 74204
69228 76009
70746 76888
73181 76407
71906 70079
71737 74813
78871 67688
69502 75942
68236 76520
66348 68032
78548 77474
68822 66335
70807 73130
79281 71837
79585 77704
74084 76184
78048 76428
71855 66316
70443 71280
73872 66752
73821 66460
74703 72523
79183 69010
65501 71278
75249 68486
75003 73574
73379 78259
71296 75342
77463 68551
68301 67540
65028 71775
66325 73526
66321 71650
77063 67251
65933 72987
70473 72020
70732 65120
69800 66696
68951 75144
66211 69892
73488 66671
70314 72339
67040 76842
72549 76011
74295 76488
73387 74740
66856 79631
69488 70842
65051 66303
73789 67948
68572 75519
66570 66065
68375 75363
76243 75157
73756 71039
78193 69103
76310 70771
78674 79672
66289 74563
65421 72179
78470 68033
67362 75880
71410 78531
66508 76274
78846 76450
77964 72556
76095 72228
68562 78622
79348 71990
72832 73166
66177 75745
71369 66477
70784 78914
67156 78094
72259 66097
68899 69890
72483 75804
74330 77998
73466 68453
69703 76613
78359 79649
72798 75492
76239 68634
74678 68433
72267 79096
72930 70578
72340 77111
65513 79347
76511 78635
65406 67568
78210 69807
79611 69254
78496 70414
75248 66554
79951 69444
72474 69465
75373 67365
75563 71431
73945 68654
66657 71659
79909 75359
77204 70679
73454 68498
70951 72368
74486 65242
74666 71694
72253 66171
68661 77600
71165 74999
75207 66450
77006 66758
67736 78165
72805 78841
68521 67119
73953 77424
68743 77950
70899 69338
68706 74215
67467 74772
67330 70478
73158 71130
72937 70386
70731 73787
71793 78884
73557 69754
69051 67120
72449 66410
74175 76980
71695 73655
74862 74719
67099 70091
78288 75868
69442 65996
68601 74118
66025 66063
69315 72457
66127 75620
72355 69908
67614 75370
75791 76020
67692 78764
72348 78511
73120 70073
76501 68312
70787 65100
65855 69386
74535 69630
66443 77531
74410 65320
78062 66619
79379 67723
77965 69131
75846 76470
67695 78118
76946 79116
65917 75177
68780 70542
68596 76235
67713 72001
73718 74912
70948 67152
74447 69201
66130 68184
69104 65731
65229 78936
75418 66835
67750 74396
78484 69932
71693 77081
78400 71343
73753 77727
72509 65526
75877 73869
74918 79370
78417 69028
69717 73412
65830 67089
76155 68948
67694 74326
67056 71902
73192 75442
78020 69790
76880 75587
72458 78729
75432 75665
73621 70934
79301 71979
72924 74393
70520 65035
76483 76152
78233 76580
65342 76078
67592 79414
79809 70961
75887 74173
78771 74446
65925 69079
72544 65104
74815 66265
79303 70729
76824 69522
70036 74223
68147 74777
65034 70921
69065 70235
67222 75075
67430 66637
70722 66956
79272 69220
70019 66512
71170 75496
75810 66194
74937 65888
79438 75890
74757 79512
67777 69387
75073 72465
66998 68580
69324 76019
74455 68395
76692 71977
79034 73535
69070 78802
72438 68341
71394 75705
75797 69223
68882 70646
67151 67729
78065 78151
65058 73419
68124 74762
66744 77670
72265 65508
77221 79025
78677 71742
70660 76994
72235 74873
76921 66495
72388 67711
70988 67493
78565 65558
66210 70422
66185 74255
76389 70671
65588 76371
70276 76892
68835 70829
77478 67386
73553 75572
75901 67562
72894 73199
65025 73406
70189 72180
70155 71248
71849 76004
68698 68286
69492 72448
79332 76211
70419 76340
71341 72270
65277 68632
74420 78907
65486 76388
77017 79579
72785 75701
66847 67928
75376 75125
75258 78598
78611 70139
69321 74656
66853 79871
69889 77638
71945 66981
77195 72886
74098 67409
73569 75900
79408 65700
67255 72604
77820 75597
65078 68677
79306 65643
73163 67529
68484 76954
77927 75246
72957 71679
68207 70290
75561 77914
71478 77651
78086 67656
71429 72063
69558 78134
77237 65841
70994 72244
74915 78897
75805 78257
74546 77659
74592 72371
74606 70841
66648 76659
74272 70565
76232 75774
65944 78229
75692 66776
67354 78247
74485 68325
71848 68576
76883 78169
75400 78237
79434 70351
69920 77682
79114 71658
76484 65021
76539 68508
79000 77321
74825 68927
76567 75115
75664 72112
77881 66050
72707 73224
70830 73034
66361 68463
71757 70774
75989 75458
75103 78310
66703 71093
73164 74930
65924 75196
73153 74104
70986 75106
79317 75473
72261 78222
66503 71591
69537 73349
79934 66792
68002 79007
79470 68722
77951 67090
78633 78574
79181 71825
77370 72104
66428 75783
76447 75146
78362 78189
67343 65675
67177 69416
71964 71874
72412 76254
78993 71063
71980 66851
65864 77134
78824 68318
72583 68150
66678 71689
68777 67951
78807 73470
74820 73221
76714 72021
69956 69330
76097 65736
