7501
55577 53547
60977 59009
59186 51130
62089 63357
54202 54047
56665 50673
64446 62618
61903 59288
60903 51952
52924 50922
55043 63470
63752 56781
53604 63047
64183 55636
51304 58428
56045 57196
64355 56516
60907 64120
59867 62318
54997 51284
62497 61108
51316 56840
59783 51346
58503 62191
50687 58939
63016 64264
63453 57581
59151 53486
58558 52727
52267 57823
54239 61989
50991 57292
60012 57835
63095 50866
55798 60923
51053 51767
57226 55846
53010 59042
56492 59717
52204 50423
55682 55040
62739 64951
63812 62969
59370 60354
63898 63568
54354 58288
56767 62663
58561 52662
51132 55631
59150 57055
61916 60011
58194 52870
52493 54490
54665 56293
55094 63473
61829 53754
54838 56938
57547 53827
56286 57185
51141 53495
50891 52549
55807 60926
58157 55622
64342 54194
62465 59898
59226 51792
50617 50617
59655 63050
58643 64186
64803 52627
60887 57433
53533 56218
59529 53134
64091 55573
59779 63358
56962 64503
63343 58367
53197 57154
53967 51822
53936 54715
54285 59877
62392 51123
59075 62798
51739 56697
58826 55819
57020 56982
60530 51297
64325 62779
63504 54098
50562 56466
57430 51161
55519 56201
62455 55496
63675 52186
55638 59246
50506 58214
62791 63927
64094 61782
64792 59221
52362 57588
55319 50063
58677 51499
50882 62565
54081 59957
54859 55505
60219 62413
59180 53859
55080 60984
57627 56257
58103 56203
50052 50775
52250 63062
54994 58595
54003 58449
60590 50966
54436 52421
63159 52192
52284 50748
61390 56048
50238 53225
51914 50969
50253 63993
64590 63943
60021 54508
60872 53111
50716 59960
57814 63630
60283 60300
59914 55503
59618 62519
61445 59112
58866 54345
52084 60329
59754 59239
64675 57341
51644 61536
50434 64036
52068 53962
62710 64301
54305 60160
54887 55701
58982 63091
63094 62731
63513 57149
50167 63806
63362 59891
62193 58100
59920 62332
56126 52506
64603 56879
63075 56209
57128 58097
56558 54024
60303 53583
60285 58717
57201 53545
64651 56034
57781 58485
59222 50561
54133 59371
51765 52170
55117 58710
64025 57844
57737 59964
56545 55267
52104 62525
60481 62018
51940 54633
60667 55438
64753 54141
60502 60161
59342 62508
58824 51188
58237 58430
55697 51631
61944 64072
55343 58887
55002 60430
60930 57113
52859 55482
52460 52273
57751 64391
60768 62083
61682 64812
63766 59307
63010 53502
52511 59203
53940 64012
58258 61674
51362 58948
53598 55162
50183 53688
60103 64356
57878 51406
52308 55192
63000 50833
53327 57028
58178 62263
61492 53770
60929 53079
61531 57271
50074 50504
55337 54035
55478 50389
58975 59129
54135 56116
51264 63177
62444 62910
64051 55620
58317 54843
61084 62329
59161 61651
61680 56337
53511 64179
62759 50597
60323 55526
51530 56245
51428 57629
63978 62408
61660 56552
53361 58901
57454 57230
63698 57974
53917 62125
50519 63004
51181 63668
59826 58805
56083 60170
59615 62520
51154 53748
64386 52136
53837 51102
62489 58575
64967 52717
51474 57562
51881 61980
54779 57504
54409 63126
56269 60205
63535 53503
52684 64243
56479 63825
50308 54821
57577 53212
55140 59556
57074 55545
56640 58514
54462 54739
55934 50731
55358 55796
57830 58027
62855 50101
51354 50144
61861 53227
62313 63721
55147 55828
60878 53224
52759 59978
58632 51537
51022 64224
59286 54103
57477 56523
54954 57071
54236 50963
57654 64886
61834 57315
63491 62507
53996 50014
59662 59808
59822 55236
56272 64316
54820 52708
57057 56332
62122 55745
55902 50744
57480 58705
51038 62621
61300 60656
57135 58835
54765 64825
60305 60221
52640 59085
64502 53321
60684 64026
58690 52293
58907 63137
50914 53406
59551 62958
51336 60468
56435 52153
55984 54004
54525 52122
59834 52060
50038 50792
57495 61578
63565 53679
57701 55239
55008 51901
51460 63392
52932 58905
59585 59056
63211 64818
52326 63132
55954 64567
55635 51638
57034 54722
59036 52545
55893 58740
53442 54013
62092 50694
52645 52581
51048 50421
57470 63028
62484 62311
62826 61434
61329 53478
63510 53558
62595 52775
60532 59881
50248 58225
52970 57297
53234 63034
58292 52996
50708 56571
63575 61121
64102 53513
59806 52210
57595 57068
52113 54873
51628 60822
63405 61647
64722 59658
54416 52630
58381 62165
59641 57227
56636 53819
50894 54792
61384 52161
60806 61457
51777 50989
55578 53002
50211 55323
63066 53781
60573 59034
56102 62978
62356 53832
52567 61527
56887 61632
53230 55338
60445 50371
58915 55331
55845 56297
51893 54519
54071 63499
50495 61187
62182 59906
63184 51567
57636 63660
60281 59726
61867 55044
64648 59456
56533 64160
61005 63907
64551 62619
62943 62579
50000 64164
58460 58843
60321 55944
56980 61077
58246 63946
50571 52544
52408 55576
60035 61058
64223 58093
59098 55998
57363 63627
51043 56937
51609 56522
61057 62678
56862 52599
60421 52578
59202 56992
57747 57880
54965 59886
54849 59874
58284 50883
61732 54118
62502 58579
57464 56878
59470 52767
61774 51475
53003 54787
53433 63786
61351 52494
58731 57910
61949 54091
58674 51205
62135 52728
56536 57482
61911 56387
61809 56475
50570 58010
53271 57290
51801 56310
61999 59311
58423 60181
51959 52011
51325 58686
50595 52020
50234 64820
52807 58926
50223 52795
57525 56698
54813 60370
59315 63102
62973 61715
54809 55504
53888 60941
56073 58440
64974 56129
51963 58815
54696 56093
54499 61014
62659 54789
58741 60920
55266 51651
53186 50053
61507 52871
60046 56247
64672 62347
61611 52389
60679 58458
60858 52898
61291 61016
52904 62395
57895 52301
55764 63311
50121 52356
63718 53787
60857 60146
61448 56086
57065 63030
53995 61151
53365 63738
60807 54229
52757 63639
61678 59174
62103 51493
55757 51322
64511 57474
52857 64283
64450 56165
57922 51512
64900 60856
51060 61364
55597 57715
51867 60751
59242 61276
53953 53672
60280 59913
59076 51103
60553 56461
55657 59155
59553 57559
63703 55432
62096 59227
57357 51179
59897 53875
62419 61800
58702 55722
60180 51328
51273 55497
57083 58388
55212 58765
59240 59019
62932 64859
58479 57136
61747 58857
50801 58735
63046 64118
53196 53256
61007 58707
58936 59105
50865 56691
60377 62615
57053 64908
60585 58797
62236 55013
53413 54730
59425 64477
61775 63346
57800 54444
61012 60596
60198 56714
56793 60207
55476 57585
62162 51768
63604 63127
60254 57989
51945 50180
64649 59979
53696 60241
62033 63246
51307 56223
58945 62959
56361 51531
60900 59133
59839 56072
60571 56559
63022 59747
63122 51706
61354 51955
60519 61901
60705 61437
52856 52604
52891 59115
56963 55190
57323 63257
59796 57110
58798 51577
57934 63339
57402 54310
50901 60803
59094 62776
59760 62267
56373 59846
54431 64050
62157 50433
59565 55516
54775 52208
57318 51289
55171 59053
55720 58746
58496 55746
59561 55167
64217 54556
61742 62315
61781 60539
64004 57816
62433 61612
61504 56487
57487 59170
60469 59683
52516 55354
64401 55583
51246 59060
62919 56108
57269 59654
63625 63452
63629 59398
63242 63205
50712 51666
57839 52132
56561 61239
61581 51216
63188 57705
61975 62312
54910 51356
50846 60034
58984 51660
55202 50911
54721 61393
56903 54680
64024 54805
51051 55184
61913 61530
59804 58760
55810 63427
52612 55350
61521 59253
51745 63902
64163 54113
58994 61177
64033 62306
62341 59858
51592 60407
56306 63229
51875 60801
59404 63503
52534 60024
58209 58328
52410 51083
59622 63438
53390 54019
54315 61355
58305 56356
64671 55235
59225 61212
54983 51585
61037 52327
58954 63077
62931 56641
51770 61148
51438 53836
62295 59770
60641 52219
55161 63189
64269 59216
55817 64095
58724 55741
55103 64729
57646 51203
53783 54601
50438 50793
59160 63506
50123 51678
56599 58685
52374 64734
60756 55452
58286 50059
56005 56374
62613 59642
58946 63136
55777 58762
52780 59739
53420 60365
62410 55241
55668 59257
55918 55844
62781 50367
59270 51779
50557 59028
57635 56564
58111 59454
63842 61153
60682 59086
61411 50705
57325 51819
63347 50449
57320 59419
52464 57501
51240 50710
62736 64969
52908 62957
63079 54979
53983 64002
57274 58500
62569 53943
62170 62249
63225 61845
62188 59814
50205 54150
56981 50980
55287 55897
60716 60143
63376 61783
55517 60953
54666 56661
52304 54982
56884 59883
56582 50086
51802 55878
59973 56867
51799 56743
63700 52825
63167 55499
52688 54672
58859 61590
50010 61223
63232 54296
62426 64257
50064 61649
63451 55727
59293 63468
56744 55215
58434 54058
50411 52602
56507 55003
51072 53484
64968 57791
53986 50083
63123 61195
54426 54536
60973 54626
51957 62260
56851 51535
51550 53424
63440 51798
52458 51584
59997 63432
51894 54934
61534 50043
57498 64947
53794 64126
61819 63298
61028 55866
64481 54336
51300 62682
61334 58565
59464 55541
61370 56442
62896 53935
52029 58494
55356 60990
51879 55098
61802 55004
62093 55336
64252 52307
62784 55793
60223 52166
58700 51489
55314 55437
57742 53804
52553 54321
58851 53662
55542 55394
62439 62949
61840 61898
63112 56499
53651 50663
53825 51730
62163 53229
56133 57405
59790 61789
54889 63702
61879 52797
62480 57472
52395 50563
55946 60720
53173 53683
53444 62386
52742 52646
56927 55097
53341 53807
60619 53742
59264 59005
52976 63118
62841 58004
54554 50910
54046 64776
64693 62440
58972 56761
59690 63560
58293 62037
53771 59748
58255 50884
50129 63410
52003 53466
64783 61129
50388 52039
56628 64620
56098 62025
51150 51872
55473 58913
60007 57109
50931 63813
54356 63369
53254 55630
62391 50189
50195 59576
56095 53941
57059 51684
50466 64035
59788 59265
52964 61113
64365 52209
50795 58860
63724 62952
50416 63859
50916 50134
53038 55709
58435 64992
60378 54309
51546 60706
55127 63548
61267 64216
63457 51782
50365 55443
51442 61325
55321 52625
50119 62550
50415 56870
59364 64634
51471 60673
51839 58727
63591 55534
59346 63116
59337 63078
63344 59070
56856 56231
51454 51490
51657 51689
62199 56433
60414 61508
57710 54260
61770 61539
61388 57827
55495 60164
64334 50513
63391 56939
63049 51516
57037 58059
64676 63489
55405 52782
62467 53061
51485 57810
63697 55344
57606 58912
53274 51470
58550 57204
57202 64880
64739 53121
62070 64652
64946 52719
58185 64440
57982 58273
60830 63699
52668 50702
51818 61889
52224 62761
56942 62189
63664 55453
58598 54737
63595 54165
54736 53455
50709 64445
52603 51230
56731 53510
59066 58013
64433 58222
60091 54966
61728 56350
53489 51165
63826 58958
50728 64042
57491 52620
60060 53492
56835 59046
57691 56637
64513 58172
57481 58278
51260 63108
63798 55282
62529 50682
63691 52747
56474 62822
55569 53715
59241 61156
53107 64575
60077 63148
62647 60134
53024 64938
53506 55199
53013 53393
61673 58037
56353 51620
56494 52910
61883 56910
52265 52862
58186 60271
55729 57242
64406 52617
63981 54041
59560 52203
63556 51424
62885 56277
59314 58697
63649 59483
55724 54083
55627 56472
54798 56631
58657 62380
55506 59433
58631 52740
61856 63692
53964 50140
55689 59672
62061 57972
61823 58108
64442 54984
50776 56194
52849 60434
54238 57886
62775 64817
52358 61341
63003 57815
50548 62166
61296 54772
57252 60603
55291 63038
53927 57184
63058 60234
64464 62954
50621 50262
60515 58003
56739 57332
61349 62538
54598 56734
61981 63176
56572 60065
61810 51281
50754 51580
59224 60536
59026 57655
54201 56444
58604 53507
59399 64230
54000 51733
62935 59882
52225 53900
59243 63383
56724 56050
54687 62254
59531 61487
63837 51412
58828 55514
64132 50747
53216 51294
58716 63412
51643 52546
61114 57115
52054 55434
62744 56895
63538 52331
59571 51774
54468 53338
54552 57033
51445 63368
50218 54253
63521 58782
50779 52582
56369 52911
52028 58468
58750 64866
56800 55414
51195 51124
57734 61821
52564 62288
50102 59927
59840 64823
60400 56449
51407 59866
63762 62967
58144 59079
52707 61047
51058 55766
63808 55986
50458 53925
61120 62317
52220 54638
60581 56315
56378 59432
64670 56429
50117 63143
50143 56228
55271 50111
51361 53280
53314 63516
57511 51208
57062 59050
50740 50107
52087 58617
57984 54328
60910 56543
53359 64382
57429 60821
62134 63880
58326 62229
55522 51217
61545 54743
51194 58605
63441 54405
58490 64644
57150 62607
55859 59885
52999 51486
62813 59032
62207 62085
64096 55595
61985 56411
53880 51007
61478 58332
55392 64619
56755 57796
58314 64756
58223 64501
61872 55601
56270 62109
58714 61235
52639 51510
59452 55539
59829 61222
50718 64247
58250 58557
59361 61746
61184 60718
64750 57243
64700 62533
62146 58742
62965 53911
58101 55108
50996 52305
50005 64029
64191 53616
50232 54600
50493 62797
58744 63942
61429 54679
53407 62728
52488 60356
57362 63051
58075 57832
62116 58462
50324 55149
63160 50431
63106 55391
51342 55396
58159 57659
51375 52337
52594 55491
56546 53485
55650 51139
61292 57335
51566 61697
58299 52299
63953 51277
63822 60917
51242 64983
63986 55840
61163 55752
52251 60672
57884 59468
60334 61897
58886 53606
60686 57317
50380 55783
63835 53064
62976 55045
57141 59430
58411 54613
64453 60178
52667 58847
61787 61273
56035 60126
54854 61537
56531 55069
52336 53896
58944 62757
61081 62330
53650 50202
61479 58330
50302 55559
60773 53566
63209 55081
60325 52750
56717 57526
52872 57949
57870 53171
50984 50309
58119 60339
53834 60125
61436 61737
63429 50707
64271 61088
62335 64641
51946 64016
58638 53504
50918 61280
58201 60230
56550 64709
50714 51582
64728 57689
59490 61258
50070 60153
61799 62622
63771 51061
55606 55143
54082 59294
63215 52720
54038 55262
60776 53626
51604 56508
55904 62316
60646 50576
64361 56958
55565 61018
56198 54909
50693 62081
62192 57039
62237 59976
55203 64861
61188 52042
55178 55465
59283 63623
56296 56464
64555 63425
58692 59049
61792 50632
52402 63282
60122 62692
60811 60101
55017 63183
63421 51501
63644 61688
52082 61010
64417 54773
56143 53909
59097 64922
54958 62411
64200 54671
56576 59122
61246 55966
62078 63966
52802 64263
61489 62348
60674 54146
61359 54017
64758 53842
53802 56240
51688 55281
58844 57158
50545 59418
59169 58523
53673 64254
50566 52965
56695 51838
57987 61857
50887 55716
62179 58153
55790 59600
61247 50536
62961 57187
56088 52406
63011 51494
62675 61368
52948 62764
61161 54603
63844 63241
61645 61064
52576 52433
54095 51136
57098 59750
62432 53228
60982 58148
57295 59395
64695 50344
54093 52554
59164 62942
63352 61266
50306 59876
64085 64178
60576 52821
51032 63115
58024 57962
60884 61495
52935 54610
64667 53331
55305 59121
57752 57617
56377 63409
51523 57466
62064 50298
53580 54826
63883 59634
54817 64682
61424 58499
58874 63543
58459 50982
64842 61881
52100 53142
52281 59894
53090 55403
63534 61736
60026 56451
60439 56096
61093 58055
61668 63356
56271 60250
53149 63674
54329 52895
56455 57218
52409 53345
63647 63113
53820 61658
59669 60717
64308 54902
63618 63174
51118 55632
56948 56169
59421 63185
53207 50726
55247 55489
62027 50573
59139 59309
62418 56986
59041 62836
54418 64415
59218 59263
56905 62742
60556 55275
56311 55533
57900 55684
57668 63292
53389 61970
62242 55759
64893 52664
54317 58228
55072 53699
50995 58987
54358 52642
63234 61827
63348 52978
57942 59233
52637 56909
62036 50825
50978 63529
64927 60834
56871 55316
62198 51763
52760 58658
55160 50377
64323 52049
53746 51221
51674 61575
56248 54635
56855 56789
57093 63105
63791 56491
64493 52137
55678 58747
53759 55389
55151 63210
52198 61707
57786 62962
63528 61228
54187 52972
51773 58167
63654 51746
58766 64330
51026 58139
59446 51491
50270 51761
61452 64809
51492 53755
54245 61785
62195 55390
55479 60569
58652 53260
51462 58841
64124 56481
55867 58999
60647 54778
58437 54757
64919 52207
60543 56842
51877 52632
62794 60902
61863 57313
50657 54926
64028 51980
59103 56504
55664 63416
60081 55765
61510 56807
56977 58446
51313 50311
62389 61082
64421 62284
58322 62430
57787 50755
61546 60179
57366 55431
59513 62829
52526 64103
50886 58695
55207 61286
59486 53576
50425 56788
59426 63212
63567 63531
64577 59154
62716 58134
64083 56538
59194 60805
53032 54102
62012 55651
62259 60025
52172 63100
51296 54040
55424 53198
57369 56446
62707 52264
56132 61106
51541 54373
51895 62185
60410 52076
51738 61730
63074 61431
55654 56892
54976 54008
54706 52073
53102 54929
57026 59147
50543 55480
63101 53490
59210 59206
51142 62673
50089 61818
60261 60268
55238 56031
61365 53823
61572 52105
55924 60056
58348 52253
52045 57343
64904 57370
62040 55304
57338 59247
61141 59694
51590 63445
64196 63514
64944 55589
61053 63375
51174 51840
63386 55730
63252 58180
57394 62047
55685 59165
61126 60629
60440 56135
53044 50307
62164 61237
55379 56480
52033 50761
51152 50987
52112 51807
64827 51708
50237 63290
52512 64884
62475 63895
55285 52183
64293 64514
63198 51013
57847 61909
62814 55832
60307 64111
61797 64764
64270 59763
59162 61652
62481 56040
61957 64259
51176 55382
53757 51029
52598 60176
52077 51728
62028 64080
62013 62138
64261 50923
62050 53404
54033 52929
55990 58729
59500 53703
56428 59583
52367 54691
53426 59092
63587 61503
61653 62379
52927 58816
60208 52570
61135 59701
59758 57001
50965 63484
58409 52404
63759 57424
59810 54149
50970 59567
53956 57298
61754 53348
50350 56961
56397 56706
60335 60066
60449 51301
50517 59214
64093 55749
53101 57206
55219 64815
58298 52271
55439 53585
58150 62118
53219 58239
58177 61279
58274 50209
64487 64039
56053 58684
53871 54529
63266 62840
53884 60107
54031 50580
51863 58502
53551 58441
63480 57072
54372 54858
64937 57846
54066 58427
58360 52379
60608 60189
59365 51709
56376 60360
58057 58636
58023 52150
59499 51370
52381 64738
58315 50817
55561 61142
59000 50283
53323 57051
57863 58721
58980 51992
63739 56009
50676 63710
50612 56420
52822 61600
50118 53974
57172 62726
56067 64918
52864 54544
54586 59651
57651 50091
58508 51436
59970 52918
51749 64777
57650 50178
52804 63306
59538 63301
64954 64134
53697 52873
54078 64169
57556 59462
54156 55818
63044 56375
53033 54516
53738 52298
61513 51268
52971 59756
51740 55477
50544 58061
50668 62606
57032 58956
59330 63161
63414 52562
52486 54434
60149 57156
60375 60239
57251 62808
52144 50802
58665 64209
51899 56581
50275 59595
52643 61075
50944 50092
61560 57284
56723 62453
61174 52319
50937 53472
58416 50588
60798 62964
58364 55535
62294 60138
53009 63088
61532 51701
63925 58850
54252 50784
51288 55538
59020 64552
64832 64838
60140 64929
56339 58406
60969 63087
50898 60233
51091 62024
53918 55296
58257 59616
54303 56390
53353 62359
57647 63310
54273 59890
50704 55515
57669 58519
59415 57214
53680 64379
52691 63324
57465 64383
57448 54500
55134 54161
55789 64087
53590 62280
58974 62894
56460 54851
57344 57038
53926 53125
59998 56656
59027 53487
57403 50596
64608 56188
58387 55173
63893 63505
54411 54884
55968 63498
63676 50008
58659 63497
50169 51395
57061 64678
62167 64628
56711 58098
55324 59002
56681 59721
61260 63420
50913 63648
60925 55444
54025 55224
55556 51275
56770 52064
64791 58334
54145 56488
53332 63823
56850 60891
60552 63207
53056 56469
57075 59620
57811 62953
53396 57179
55014 60486
53277 52934
54154 56826
58812 58663
60770 60095
50390 60895
58235 56155
50594 56901
52979 60215
55138 52143
58610 62307
62101 51823
61103 59191
51212 50110
58667 54491
53051 50056
52680 57678
58450 52572
61491 59271
59437 62831
58193 51162
62977 56659
50452 53299
60428 60721
57249 63131
63550 60475
56517 56520
54195 62002
57174 54719
63836 59189
51699 62063
62689 56342
59478 56334
51624 52454
57719 60355
62171 54770
63976 63259
56017 57277
62704 58513
64428 62652
61740 50006
54904 55512
52805 59635
52977 60076
54478 58346
62754 55365
57760 53454
57040 57142
61439 53786
56068 59983
52382 57462
50826 60733
59765 56416
59184 56058
62530 55992
58473 50054
58755 50835
58559 56405
57640 60425
60779 53987
53811 58465
55089 53563
63824 51199
55459 60890
60202 50769
53276 53500
51219 54096
63426 59591
50340 54594
63858 52628
51160 57437
64344 59908
62785 54755
54654 60627
62558 64424
64011 53844
52771 56404
60080 60098
54785 51440
55415 58896
56147 54893
64790 51417
57804 63338
56931 50831
51402 60994
61396 51896
54415 63589
59051 55333
53898 63840
58804 60669
60015 55047
53337 60889
54530 54968
55227 55879
56553 51466
57993 64317
53052 59803
52817 55509
55877 60132
57133 57017
50812 50450
54295 61183
61282 59932
60182 63423
52923 59281
63923 57779
55388 55700
53687 61896
60746 63720
53401 59048
64409 56766
55312 53915
50821 52036
62897 63955
54325 52827
61043 55423
61034 62772
60114 56364
59966 53155
52666 51536
54430 63361
55756 63501
50624 52812
64925 52903
64921 55560
60319 54438
51560 62786
62563 58095
53257 62208
58436 54451
51398 61312
51359 57077
62552 56891
63315 54306
50316 51085
53877 57531
58624 52442
59875 52497
51750 54180
61672 64916
60611 59362
60089 58780
63576 56832
53553 52235
50962 57527
52089 56285
57152 54898
56079 50660
53701 62462
53168 51448
62735 58137
58582 57578
56959 64560
58990 61613
63424 55963
61826 63963
63031 62420
57443 56526
50461 57379
51711 57687
52653 61339
62226 58085
56410 57711
52116 61241
64395 59043
51274 55188
58599 57289
58035 64913
54918 54054
52635 59148
61528 55150
57434 61076
58904 63571
61358 61197
55604 59117
51433 51532
61824 64532
54673 61357
55368 55588
63524 57857
60758 56738
56806 64331
61859 58637
56166 60083
60265 52316
50285 63367
62265 53686
57079 50288
60058 57358
57245 51871
63865 51865
52034 63561
53982 51335
51278 55062
53937 51710
53709 58383
52507 57514
61644 56161
50405 56111
64674 61245
58433 57207
50737 62127
59343 55435
62662 54068
58701 62881
63661 50082
51108 54148
59074 63142
59675 61066
61772 51526
57427 64030
63694 51629
62493 59768
59460 62513
54348 61441
64071 64346
63608 63547
64570 60723
59985 56486
54242 56412
56281 52272
58918 62574
54678 59899
58421 54467
61631 53479
64353 54939
64860 59991
61565 62971
64889 61413
56414 64374
61971 52233
55349 64910
57964 54874
55317 55829
51334 51676
60029 59823
59400 55843
51280 55458
56692 64021
62079 54420
59006 51954
60263 64090
58198 51858
57188 58911
54782 57496
56712 62014
61514 56195
59494 55811
54334 54579
59999 52244
63802 55315
53296 61213
59088 59969
64089 52023
61616 56399
55163 51675
58938 62750
51293 51647
55456 53803
50941 62470
53193 58779
55284 63097
56154 53020
59504 50079
56284 50999
53660 59602
62600 60014
54120 59923
64708 55306
53512 61031
54027 59262
59185 54470
50062 62331
61833 58992
55501 51198
55737 57106
63577 55567
64766 56660
53508 58431
53409 53798
62771 60002
63653 51736
53631 58903
50227 61618
59475 61718
52254 62454
53526 64402
50443 57805
58482 60831
54406 54169
53163 61518
55311 64868
58290 53529
54369 62113
64304 54080
51119 58511
60348 54871
61416 61927
63544 52330
61124 64099
60959 52984
54208 51309
62547 56677
52574 57717
56162 62464
51084 59368
52674 51507
52216 53457
60577 52657
54567 56610
61356 60790
64517 59653
61893 63172
54034 51882
62458 50516
57255 55672
58183 63173
63875 63072
53242 61019
60052 58350
56327 61087
53863 52459
53588 56485
61628 58091
54043 60186
64131 56828
56382 62201
55609 51443
50619 55010
56090 58626
52765 57921
62984 64397
58832 64350
62666 59528
62337 56431
62441 53912
51243 55205
55907 59841
60970 62753
57775 56489
55346 51786
55085 57382
62009 55850
57129 58135
54780 59473
51211 63263
52450 58556
52577 57461
53792 55083
60043 63569
60050 52414
56071 50095
63558 64544
57874 58475
53693 50537
58216 51852
57641 51771
56313 58444
60292 53041
58483 56417
56675 58394
60707 58236
63472 58928
62158 55092
63646 64509
59413 61100
60688 56889
62738 55412
64273 55384
64104 62334
58929 59141
55012 63631
59659 63377
58799 58960
63829 59930
50675 52451
59598 57264
63892 60260
64807 64600
63737 50351
51843 64810
52561 60155
54764 64824
50698 57176
58488 52448
64846 63656
53682 58571
61474 57999
53021 54563
61041 63085
64907 54524
60680 60337
51186 57275
64371 62582
56022 60258
52325 64218
60598 56864
55901 58979
55557 63477
62225 64978
57181 51364
50384 59345
53763 60009
64662 64845
58771 63930
59608 60835
64518 58923
53431 50265
59102 59484
64621 52593
58118 61982
60295 60136
55994 50751
54683 56777
57012 51778
55273 55894
64636 59394
50296 64403
61369 61298
53657 61318
56797 63224
62346 53282
59285 57836
53522 58574
64677 60209
56430 54294
59248 51241
56036 50649
51781 58163
58126 50904
58164 62581
54878 57426
56512 50734
55568 58112
50899 57788
51206 63626
54617 59942
60137 59303
53592 53998
59333 63190
54258 53933
62593 52847
60277 63276
60243 50514
57076 62043
59100 61274
58064 62933
51983 52196
64629 56324
57674 57894
52936 59619
60738 61848
58861 55357
62210 57064
51238 62748
60374 50942
52205 53463
60791 52295
64459 61138
54605 57841
60662 51101
50770 60739
56395 56220
52332 58395
52687 50699
64414 62365
63446 61767
53908 58376
58680 56614
59872 64534
63462 60766
54644 59427
60236 63658
64377 61943
62059 58254
60030 62044
52714 53153
62893 52588
55030 64899
55295 60966
63054 63380
60312 50880
59944 54277
55366 60607
61894 62147
62559 59828
50353 53899
56208 50204
54264 58634
57431 50611
58932 59101
58787 53739
56544 60262
62755 54475
62289 56625
52959 60102
59351 54935
52893 56562
58530 53619
59782 64668
55109 50039
54138 53030
62387 60861
54353 56134
58016 58528
51700 57519
53054 53319
58820 55007
59192 58902
64143 53730
55433 60906
62143 53905
58002 52732
57630 50915
54391 51457
51271 55374
60954 63580
64684 52810
56505 60460
58087 56212
58547 53740
64416 58271
59793 57380
64607 50713
50138 52111
52522 51816
63125 59250
54157 51997
51540 59321
50525 53464
52737 55680
57329 55454
61580 55511
50376 51956
51641 50546
64977 50400
58600 50090
51257 63104
52778 62902
61589 64180
50658 53539
52852 50956
63261 59844
57903 57056
61755 56282
56796 54488
51791 53638
62180 55602
57122 54122
51977 62512
64307 58132
63723 62006
50475 54704
58951 61778
55972 53617
53240 64162
63996 54012
59680 64762
52755 51063
55779 55641
53790 62572
56075 52180
50383 60786
54932 51514
61423 53552
60554 50717
53263 60301
58814 63485
63790 55623
50958 51685
52532 56825
61559 55372
61917 56235
54923 57213
54553 58968
51092 64830
54051 53452
50145 54619
56643 58012
55419 59282
51114 54142
53865 53988
50781 63398
53340 61595
55773 63464
50605 58895
58374 58184
52106 63157
58380 60916
54740 54333
60781 52945
64858 53969
63933 51434
50798 60540
58320 51159
57212 58079
59698 63901
59552 58916
57698 57866
52729 62966
57890 58699
62498 62324
51016 59110
64737 52973
55011 52226
62873 60789
51476 57368
50009 59106
51968 61405
52403 57812
61117 63373
61640 59825
52078 54497
62424 57348
52056 57720
58612 53178
58564 50264
60697 55485
62357 63055
57628 61022
62415 58036
63020 58050
50591 63995
63747 53440
61242 56115
56926 62421
64147 61406
55543 57123
60605 52119
59140 63293
50653 58104
62793 64339
60341 56897
50587 55634
55099 52141
54907 61446
62091 61592
55763 57327
61807 54101
56360 56753
61426 56465
50165 52966
54479 51687
52995 56450
56363 58372
51884 62139
63730 56885
60695 51650
57776 54079
55551 51607
53416 56018
62886 56186
57552 50578
58870 58845
52882 63239
58495 53496
60704 58353
56124 64778
63117 63146
60039 54760
52912 52644
60565 63745
50589 64431
51080 50293
63201 60998
59592 50193
64407 62340
58871 53640
58758 50955
55710 57241
56456 53000
64782 64019
54597 54667
63517 61671
60061 55053
54694 62851
53408 51917
50939 54439
55348 59377
58456 62057
63708 51237
62807 61190
61063 62796
56676 61912
54421 52280
51667 60877
62429 52902
63304 52098
52286 53295
64475 50424
63814 57352
59261 54029
56038 62684
63776 55822
59477 51382
57505 63689
64144 58930
58033 58058
52124 55252
59305 58653
52514 61556
54100 62915
59638 61577
64998 59300
51030 62901
55218 59125
64609 55429
55095 51598
63500 55931
58265 52769
55399 53667
55130 56837
63849 62871
59268 56025
57551 53116
52009 59972
56346 57224
61870 59277
56070 55856
56989 58030
55940 55860
57977 64044
50108 57540
57881 63235
50157 64589
62080 59752
60838 56632
60962 52061
58622 58688
52886 63335
55518 51420
59058 55355
54011 61112
52874 50269
54398 58124
51703 56578
58609 62494
63178 54642
56673 57330
57837 52001
63562 55693
52088 57858
62899 61795
53266 54640
54901 52685
52058 60393
50778 60282
51314 58698
60522 52833
58736 60192
56136 52470
54032 50279
51175 51626
50068 54267
53537 61929
56069 57656
57801 50695
54443 51712
61596 51222
62631 58361
56001 60085
63924 61059
50451 53973
51906 59201
64872 63428
51251 63109
51392 57007
50445 63444
63683 63082
64145 64238
54794 61617
54744 54735
60531 59348
63614 59055
53300 61838
59837 53958
61719 61638
64771 59212
55402 54131
59367 60797
51042 63090
63389 56010
57373 62285
54288 61622
58645 61506
55821 62274
54720 57663
62416 51958
64038 51529
56436 50971
63422 59381
62447 55232
54063 56329
49999 60898
62034 59974
56326 58371
63019 64068
57138 56394
64288 58754
53636 58516
54975 50861
56525 59508
61033 61175
60853 59661
59493 58983
56305 51683
52294 51099
61582 53581
53774 50161
57229 52713
52335 57829
64241 55995
55988 56502
56156 57416
50856 53176
52533 51808
55770 58623
60904 54340
50646 57351
62105 55649
61846 51743
52268 60696
60474 62828
51892 61593
60190 64153
58426 60196
62168 52055
62605 52200
54612 54924
52816 59336
52022 51360
61691 61385
57131 55776
59476 58703
53459 58669
60203 60927
61386 62833
50051 57653
55547 55945
56280 52047
58160 57753
60322 55082
51619 54550
64549 52876
53093 59813
52120 63717
62515 54729
56389 58796
61961 60109
60437 63964
57182 56273
52517 56393
56917 62369
55032 51715
54707 59481
53175 59506
62305 60937
62799 50246
50257 58379
57509 64851
51418 53019
63454 63402
52065 52230
55566 53535
59011 61216
54308 52880
58403 61192
52518 55969
53335 50401
51305 50122
55838 54677
62352 64945
57301 53422
52863 55663
61874 50827
63155 64349
59550 51668
53253 58277
52820 61303
51404 58786
53788 64999
59118 52081
58704 50992
50662 51748
60248 61906
51951 51299
61502 56748
62914 59015
61585 60028
54806 50313
55112 61563
64691 63741
59266 59688
56575 52884
64714 61229
51868 59706
56216 51140
54911 64394
53664 53542
59204 51814
61654 55948
61926 55834
64745 61842
63518 55751
53384 58691
64622 55064
52705 53065
63704 50366
53071 57209
52695 62431
52074 55488
53236 58962
63801 55263
63530 57261
52550 51809
61550 63599
51191 55703
58563 51372
57234 61992
56152 61745
51505 50273
60124 50799
53800 60222
60826 57401
58189 56084
52676 52686
57044 62177
53468 56933
53577 52344
54841 56929
61398 61494
60211 55721
51282 59215
54176 57676
54313 60700
64439 64112
59299 50013
58266 59849
64329 59936
63147 64299
51388 56985
60162 51780
54254 51573
61853 50007
64170 61179
58678 59369
54504 63202
58399 62022
50560 50641
64906 64360
59408 64612
53179 53172
50615 64438
54284 52796
51942 53306
50974 64554
55619 58718
56784 53516
52690 53750
54493 59934
57736 51975
63799 58393
60259 62058
59146 53483
62758 52202
57983 54532
63138 56383
50538 54630
63711 59391
58568 55892
57613 64869
56358 55209
59157 53195
53377 56437
58407 64952
56078 53568
60564 52142
56940 56210
60346 53398
54397 54842
54575 52201
54756 58378
63685 59428
55908 50725
61225 60609
58140 59632
52896 62815
60775 62499
52314 57828
58899 60651
54218 55122
56452 58362
54384 62443
53347 63817
58084 62722
51065 57451
57331 56104
64719 50564
62596 56391
53113 60144
53305 57778
57545 64533
64310 54234
53322 62239
63069 50853
54520 54777
64495 60701
54178 52223
52702 53397
62679 62087
61011 60650
51244 57256
50012 58969
60142 50697
61766 63014
56701 50539
64985 63331
54840 63884
61524 61505
61966 50666
58532 60381
63466 55686
55815 58642
62730 57731
63838 54482
63736 50981
60314 52222
52164 50370
63329 61168
60726 57455
57165 52396
53903 64017
52990 52733
58549 54732
57818 63277
64469 60873
61202 58868
50912 58138
60976 50472
50444 57045
61415 56002
57125 62856
50453 60491
59001 59599
52069 58227
61553 56811
50099 59057
61805 57497
51732 54816
51721 60471
62859 52853
52754 56995
51669 64679
55592 64430
57822 54389
62568 56684
54427 54599
56184 54866
51286 51414
55375 60503
56622 61907
54811 62406
50420 64000
59797 51873
53135 62924
63372 57014
52606 59903
54542 54244
57211 58924
59798 64769
62385 61302
64005 60637
50592 56780
63519 50342
56822 54925
53078 51891
55546 51783
63526 55469
56080 60424
53944 55272
53971 55361
53451 59946
56238 60372
63371 61371
60702 59931
61570 52255
55310 51235
57769 63439
60308 61860
59516 51570
56819 64060
62232 51225
59332 61928
62450 56026
62537 50396
62930 52146
54110 63886
64076 64315
52638 54196
61469 60732
52117 53845
58770 55702
55421 62926
59988 54541
53934 61780
50127 60855
55118 53261
64997 57069
63305 60542
57533 64892
61964 58670
62202 55436
53924 60483
50526 52788
61722 62646
55922 62825
54959 56082
50478 60429
61185 51902
63313 62774
51785 59575
62865 61430
60915 54028
59229 53248
53131 50863
57319 56816
58614 62510
53087 50041
57574 51593
60108 52135
52792 51343
50477 52738
51985 53414
62715 52736
63603 61709
62539 61905
52800 50836
64990 63318
52709 55692
51249 64380
64923 64295
51391 57696
61143 59878
64890 56042
51521 50816
57031 57312
53675 52152
56438 60991
61788 54795
53208 62338
61586 62680
53136 52756
50968 60276
54946 53741
63559 59069
55073 55139
64363 51044
60336 60167
57103 56380
56904 58618
53866 61313
59889 63564
56955 57225
57417 51109
51017 63507
51076 59245
50194 54692
63400 50626
64630 63323
63781 57546
63596 50153
54255 51928
56267 55971
56969 51413
52957 55774
62104 53564
55039 63129
60792 60082
50024 57584
54977 60829
61713 51270
55581 59423
58679 58544
59977 52877
50671 53523
62906 61132
53057 60458
64596 53418
50973 53671
53570 59617
58639 63250
62000 56560
53114 64979
50927 64933
61887 57459
63390 57441
61723 50764
60754 52673
56925 54441
51143 64015
55520 51815
59546 57307
60625 60661
54564 54618
62718 56354
59693 61224
59018 56737
63878 63149
55174 53267
50198 61447
55440 61275
56087 62178
62780 53793
54948 54164
53607 63828
62589 64724
64326 53308
59650 55673
62843 58453
61533 62148
62483 62968
57897 57963
57219 51367
52151 58577
54927 57918
52536 59065
61541 55381
60951 58370
59273 63482
56888 62001
53848 62402
60516 62594
50638 54952
64376 61941
55642 63249
51919 63868
64723 53470
62523 62264
52651 54566
59123 58914
57924 56222
59037 51422
60484 51969
63642 50395
51265 62333
62355 53776
62291 63581
60438 60999
59566 64490
64043 58470
57422 57288
54007 57018
61255 63645
61056 58745
52583 51722
56379 53290
58943 51776
62048 51935
60850 61449
52474 54298
51897 59994
54502 54928
63889 63597
53143 60032
52148 62658
61947 52607
56997 62923
56836 52199
56309 54686
58817 63488
53048 59167
61661 52887
55808 53869
50058 51726
57591 63265
58950 58489
63574 62642
55318 55387
56323 56841
51253 53333
52329 51488
58606 54593
52537 61283
57512 64461
57421 57143
62398 51913
54291 59613
64157 54248
60881 52193
50681 56312
51368 56060
56120 60509
57406 60473
62308 57794
62212 64129
62204 51200
59021 61716
60296 59692
56279 53685
56064 55274
52622 63092
55953 56880
53966 59089
55364 52349
62795 63545
51572 55738
50240 56971
53059 55714
60188 50979
61380 54422
64105 61336
60783 62100
64538 60169
55049 64912
50972 63045
56476 50527
52678 55527
57114 56976
53380 55000
53601 62945
57073 64328
61720 54526
55989 51662
58203 51723
60048 51344
61977 62068
60156 55484
63727 55570
60748 53684
52434 57094
64429 56786
62342 53482
62004 54831
59916 57582
56618 64296
61488 59954
61994 61178
52133 63404
59626 56167
53561 59628
52558 62667
58723 53498
62112 61542
64108 53077
51330 63191
61744 63370
55251 58625
53656 63493
64500 57460
61700 53382
64146 60395
57356 63086
55448 63512
52840 51702
64265 63687
56768 52394
57767 51025
58001 50076
53916 62045
57561 64642
51189 63378
59670 61549
61918 64282
58593 50577
61219 51019
56541 60255
50820 59640
51861 57756
59396 59510
61305 59412
59220 53720
61667 59114
51855 56204
58611 63262
52277 57316
50410 50241
59636 59292
59687 57757
58543 58060
63227 58438
52440 58045
57270 59830
51659 64816
50547 54266
57721 51115
63354 50331
64113 64645
59044 51805
57011 54001
59276 61032
51400 60886
52960 51522
63364 61756
61078 55302
59901 56037
60666 50360
59120 64789
51451 64529
53239 55335
51070 55611
51384 60922
57503 63002
53385 57171
59495 56335
57167 63579
61170 55937
52263 55923
50988 54361
55471 53039
63897 50097
63746 51848
54020 64358
55912 54092
53456 53293
51000 55864
64399 50905
57935 51926
59502 50073
55661 60648
55055 56804
62130 51506
62086 50685
64660 55223
50870 61227
55087 55096
53303 64444
60246 54386
61338 51922
50050 53718
61547 59518
64396 59952
52832 62576
61210 51228
60389 55106
52447 61991
59852 60496
58862 60567
56634 50338
63217 50530
51192 57322
59621 63333
53140 59145
55165 57626
64138 50568
59127 51869
53970 52629
56453 54217
51511 64663
53375 56943
53894 52363
54486 63153
58878 51366
56735 56367
55283 55831
64314 63709
62190 52418
62635 61955
53691 64410
51948 58995
53517 57447
58025 59527
64597 63834
61702 61068
60593 55006
59384 54514
57180 50533
59718 56694
56674 59183
63027 54399
55416 57105
55463 60578
50488 52681
61962 50896
51396 64877
63690 57888
60479 62020
60133 57645
55005 61166
51527 55121
51691 63961
51757 64290
51769 52351
57097 63297
54327 54580
59339 57600
51698 60115
60415 52232
59350 57233
62683 53989
50081 50680
54104 51095
50323 57236
64478 53957
56230 55398
58115 59429
61122 50187
62866 64780
57793 55957
56994 62296
63435 53959
55762 58920
56906 60264
59008 60862
54825 54125
61105 55996
53058 63381
60942 64593
52899 58993
53152 60401
58445 63914
58321 53712
64615 51426
61450 60197
63716 63245
60168 58651
59310 53081
63162 63962
59040 55952
61160 58412
60737 56573
55307 51933
61288 60626
52531 59190
60988 52048
63008 61159
63325 62842
60649 64564
60408 50721
64364 64449
50930 57326
55025 51854
53157 55960
52341 60218
58244 61089
58089 54754
63669 64962
55959 53031
50773 52585
53822 63774
58077 63775
56860 55698
61637 52523
63187 61403
52933 55058
58040 56003
62598 61095
64701 55812
62661 50832
54804 52387
57667 60418
58676 59800
55191 55847
62760 57716
54864 55978
52568 56854
61199 63360
52786 60587
54882 52991
63929 56388
58709 61347
60318 64115
55510 60944
64587 56839
62993 58338
50473 64067
63831 63673
63855 59031
63633 58830
54332 61391
59297 55446
50785 64213
52559 53665
60278 61615
51355 61606
55839 57195
58752 62928
53326 57728
52749 62729
54002 63900
60487 56823
55237 59564
58008 57861
64767 55373
60689 53659
56946 59554
64536 56566
63980 51692
62412 55805
54506 60777
52513 60971
55679 53669
58415 55600
62174 57178
50087 56812
62372 59734
52634 64706
55976 62077
57054 63894
64757 51331
50141 57798
59322 58133
55827 63164
61830 62039
54446 54370
61378 59771
51665 61993
57709 61240
52083 58518
58417 61708
59030 63256
64819 51272
51121 63722
62853 51027
63449 61664
55761 54747
51040 57019
60152 60454
50997 63169
52993 54417
53294 52019
61936 52890
55034 53724
62812 64177
62149 64078
53415 52221
56425 64480
54374 52689
51936 53723
58785 51544
56999 59847
59681 63679
57228 58668
56730 57865
58054 57693
50758 53789
53369 52815
61070 58858
57867 64258
57144 63413
61344 62768
60621 59326
52015 52427
58863 58726
54781 64189
56503 60945
64613 51558
50098 57744
63307 56054
56845 58927
57239 53147
52762 58662
55217 63130
58131 62907
58174 63792
59572 61483
54658 60304
54480 62107
61591 58803
54663 56333
59378 53862
50088 54302
52322 64489
51252 50889
57489 61776
58294 58607
60427 54973
63076 54350
52282 57802
50483 51482
61831 51557
50066 58067
60092 62154
60252 60442
61021 61899
54534 64784
50505 54215
55145 50719
51555 64541
54360 56119
63931 60987
62567 53371
51250 54944
61326 54014
64526 63039
59905 60675
61768 61215
53923 62218
51390 59647
57137 59424
64741 51548
59509 61704
57010 63725
56182 53008
63141 60022
57555 51625
55076 52783
55494 62850
53233 53527
52027 50936
55406 51185
61164 63632
64381 62898
62124 51962
50947 53768
51117 55028
51224 51481
53745 51220
63268 52892
52473 52981
63040 63023
56672 58046
52046 61009
60774 53765
63740 59237
50027 51306
56859 60409
54940 56814
60709 51810
56886 58343
57161 51389
52665 59525
59244 55955
51853 63593
55201 51636
51803 61932
64267 51938
53586 51696
52836 58539
53211 53201
51164 55825
60911 54602
56635 54972
62636 54595
52791 63693
58827 62708
55036 59287
64528 63805
57030 52894
60462 51606
51318 57930
58007 64013
63278 51081
57952 58200
55210 55470
50354 60933
50529 63951
59316 55891
54862 54548
54850 62217
63919 50409
64322 50585
54250 63945
62888 63857
55483 64398
54039 60710
51405 63395
60541 55256
53595 50772
60041 52789
56678 57973
53388 59354
53569 55872
56408 56159
53870 56302
56401 64041
61986 54555
50168 54981
64743 53743
53796 60601
63856 59124
53555 51729
50002 50300
63110 54557
50426 57564
52962 51419
59217 63231
59084 60736
57347 51646
58908 61475
54376 56343
52423 64140
60147 51008
56774 64053
59320 62049
54326 54219
50325 52985
60928 50358
56809 54200
58997 51695
52366 55185
62583 63863
62660 52693
53252 57118
51298 53816
51966 56252
63284 50080
54407 59579
53914 54453
58536 52683
61417 58357
52438 64378
62238 54650
58978 62802
61467 60568
63240 63492
63850 55708
62514 64239
52682 54800
60020 64001
50369 56477
62129 57311
60242 64411
64208 53138
52715 53386
53975 57081
57314 63223
59386 52855
52781 52347
59090 52025
62848 59644
54822 61567
55936 60500
64229 64814
61624 51245
63145 60523
50496 50807
64175 64233
50503 50020
59593 53830
54774 54942
61048 56679
62377 51775
58484 62102
57457 62860
56609 51661
50084 63847
58934 58505
60879 56015
51173 64130
62849 61924
55723 63244
53961 64914
51292 60286
64592 56849
57868 50701
54299 51718
52392 62905
57321 64986
61948 62128
55754 63255
52490 56626
55255 60111
62947 56207
55104 55021
64427 50919
62473 52398
52231 54050
58352 57170
52472 53758
57200 51804
58900 60256
62286 54943
63999 58802
60123 63206
57021 57548
52942 57140
50928 51465
62246 55042
64696 55259
60983 57003
53046 54442
54717 61835
55645 56914
51239 56341
53646 52002
50929 60655
62073 55683
51509 57194
57108 55027
61309 62390
50363 56085
54015 61998
58005 59436
63913 62972
62030 56589
61198 52278
56747 58989
62327 50356
62997 54404
54087 54587
62153 60128
63750 55564
60019 52101
61956 51655
57191 50908
55293 57670
50336 61930
57240 61387
63932 60980
55111 64161
59524 60961
61698 61462
51104 55939
64426 60171
58231 53518
60885 64856
56844 55135
60968 63937
55427 63809
50600 55116
60715 55269
56365 54956
62120 51214
53565 63447
59062 63341
56352 55656
60018 57404
58719 63124
57931 50375
57905 60478
58537 64531
59835 57593
64902 64763
57502 53574
59349 53312
53264 62762
52764 55665
62227 52652
55871 56898
52548 56190
63317 64611
50392 55574
64863 61724
53161 54660
50903 57047
61692 52094
57797 58775
61361 53873
59082 56775
50256 62269
54908 53117
53074 58957
50372 55662
52041 55780
53164 62349
63419 59943
58846 51455
54026 62486
54967 53860
60165 59888
50435 64836
57762 50418
53710 61399
57739 62857
58967 62597
50867 53223
61130 56519
60379 64865
51333 59256
50943 55942
55803 60935
59496 58664
56978 50476
62442 50432
57060 53181
56177 60403
63601 51978
50796 56105
57345 62056
62920 62671
62214 53367
58325 64193
60457 62290
59472 53192
63757 63294
55245 61888
61459 58047
55747 55675
62737 50873
50852 60562
64770 57119
60456 62250
51575 62310
59696 52024
62948 52983
64107 55758
56320 59389
51111 62929
55644 55579
50394 54061
62527 56316
52905 55865
50335 53425
55610 53557
57985 62694
56813 51133
58333 54771
57761 59485
63888 62747
60784 60200
63017 53035
57124 58869
63891 55450
59950 54742
58510 52919
60150 54170
58655 61055
57619 58842
53530 56954
58107 61236
64348 56511
64114 58751
60833 64045
55413 53538
62578 53343
50170 60588
64744 64788
51073 58970
63509 55659
64202 61727
60040 60883
62880 60309
52030 62630
56349 59487
51898 54762
57860 52014
62603 62474
64637 64715
58241 52162
55128 52761
63667 55451
61186 50175
62322 55598
60660 60119
62670 50219
50869 54662
63598 57132
52961 55775
59542 58922
50729 52573
60708 56654
55794 54837
58053 50868
57988 50521
61410 51378
54346 63936
54622 51472
61107 61310
56423 55614
50454 57016
59234 63678
62911 61815
59501 61152
52247 55141
64128 56122
60031 57374
54455 52445
58981 56802
51427 64943
53288 56406
55179 56047
63486 58885
55442 60187
59111 53806
63934 61203
59409 56232
59761 56440
55772 51772
61725 50206
60591 56865
60461 62015
58011 58396
51233 61443
50346 50670
59532 55594
57621 55718
50767 51172
57840 60620
58949 64903
53324 64848
50290 58730
54877 58831
51634 50509
62766 60174
64697 63866
63655 64659
56211 56362
58400 62151
55153 55530
51444 59736
61841 53209
55962 64787
58113 50584
50124 60589
64650 53100
64808 57361
63299 51918
50044 51888
51303 57372
59126 59329
60422 56790
56371 56500
56649 52000
50220 50374
55814 60563
63228 62509
54880 61324
51599 61605
50348 50644
63638 50317
56565 50407
52415 58806
58825 56915
56968 63478
55280 59434
50667 53329
63643 63144
61490 59272
59278 63272
57247 52718
62010 59022
50381 54408
50303 62890
52177 58602
64101 53881
63780 59301
53063 58854
60836 62994
60072 54515
62940 51561
51860 55677
53481 58656
50456 60220
57749 64563
57947 52312
60570 59629
58309 60127
61261 59871
61314 59338
56810 52468
63522 55407
64404 58056
51003 63867
64591 61110
60435 57950
63592 58712
57541 57223
64266 51821
54886 61486
56584 57643
55705 59555
58192 50524
58442 64195
52556 62699
55420 53443
59720 50028
64065 57981
52259 52746
57926 51283
53311 50245
64245 61791
56013 64447
52236 52037
56972 54179
63684 63515
50468 52711
61050 56970
64441 63910
53395 63754
61890 58933
54931 58937
60852 61463
61643 59789
51850 54869
59208 56295
52067 56175
50885 51204
62038 55301
54203 57692
58048 51920
50166 59072
53702 63001
55242 64655
61566 64940
54823 56123
54380 58308
57970 63641
63767 58501
63363 51153
52481 63267
50986 63540
63384 52388
55973 60067
58312 64955
52900 51594
64297 50190
51820 55015
51686 62590
59543 51830
60690 60513
62867 63819
61006 60802
62686 52279
58026 64498
60816 59520
54861 55596
62553 61060
62371 57729
63941 51837
52338 64214
59772 63563
54914 51518
63846 51613
57238 61074
60384 55906
56052 57871
57259 62616
57043 59791
60734 51756
62145 55813
53678 54460
53210 57966
50940 58722
61268 60582
57353 59746
56685 61642
61603 54489
64733 58813
55142 64976
50075 61588
51623 53275
54545 60163
63553 60645
64167 52195
58849 51697
61000 51380
54916 55961
51386 52679
61218 58359
57916 61294
53307 57467
60742 61636
61812 58262
62500 55067
56473 53543
56988 56197
60074 53344
57310 52838
53780 58947
52417 50106
58261 58252
63397 54695
58206 58329
57253 54535
59260 53094
58973 61096
55508 64752
57453 52658
61869 57927
55254 62767
53447 51931
57478 56103
60843 60592
50291 53731
53016 54425
59580 61201
59355 51788
64661 52842
51862 62536
51452 55732
64419 52818
50172 58466
64984 52168
56741 64993
61914 64248
62749 54492
62427 51047
60175 52501
52697 58616
57879 52149
55172 53250
60158 58588
62816 60229
60249 59971
50650 61997
50745 58759
52500 56779
51632 55788
51503 53188
59358 55467
58884 55422
58879 59664
51358 55615
52779 54065
55778 50976
58613 61884
62732 59134
55206 53073
63557 64960
52246 56547
58080 57393
64294 54803
52615 50259
63979 51576
54623 58881
52302 55119
56670 63418
62176 52079
56046 56427
60514 55550
52659 51677
57664 54892
64462 53705
57914 50244
52328 52393
56144 64040
56601 50522
57445 50575
55607 56454
55031 62956
58491 52342
59980 60622
55078 51528
55441 52956
58219 50609
52364 61217
50210 51086
53719 58152
63119 52649
58389 53491
52613 61484
61249 61862
63921 62668
61522 52753
50602 55329
62194 61978
51215 63443
53947 53628
57725 62375
64231 50150
61472 56620
54432 62639
53663 51014
53166 50954
56319 51964
51784 60762
51256 52869
62511 57799
56066 54473
51279 64996
60112 56513
51129 51187
61072 53265
63743 54128
56792 59949
52097 54191
57235 59940
51312 51408
54783 56006
53752 52070
57309 50625
55243 62587
53534 63960
63458 60892
58114 51478
56700 51847
53639 63385
54440 51261
58301 52441
51340 58687
63992 60464
53932 64640
60653 63401
51067 50393
52010 56044
55855 57023
63393 56966
64930 60100
57415 52346
61759 60063
60369 63920
55351 54268
64602 50688
51741 50998
61773 59548
60810 62111
52245 59743
56801 50034
56600 57100
62909 52551
64484 55060
60659 60173
60194 50858
60551 57889
61891 50186
53012 50839
51630 58419
60745 51148
54949 50800
54614 55157
62072 54711
55054 55781
50579 51004
63680 60497
52744 52343
62912 56283
54213 62629
63448 59939
52373 53445
55249 50647
52968 59414
53034 58829
54688 53289
58122 55091
59863 54320
51429 57048
52745 58985
62974 63238
58276 64121
60868 56967
60237 58891
59445 53055
54193 54412
64975 62706
56716 56055
61080 50665
50280 55445
64306 57008
61538 51190
61400 53014
64897 64018
63353 53137
64324 54896
63871 58404
59919 52913
59109 58711
52839 58768
64435 53608
64665 50515
53040 58082
53756 56515
54137 52191
57773 50618
57611 58578
55868 50875
64009 62425
63321 56868
58790 64898
64627 62221
58151 55264
63407 51924
51010 52930
54126 58168
61832 64327
53851 55418
64666 52401
59656 52397
61362 60317
57940 62720
55487 55277
59751 64843
56757 62874
58910 61847
51415 55026
57961 59416
53185 54899
58049 58310
60618 61308
51759 57652
59356 52218
59896 53423
50152 63753
59441 63120
57807 57439
56745 54627
58125 59313
59807 60362
63237 50048
52618 55521
50314 51105
58733 56894
59410 52017
56945 61717
52694 53549
59785 57697
63870 63170
55114 60901
60159 62611
54905 54045
62601 54611
64190 62231
54670 55175
58253 60383
52107 53560
55292 57586
57864 61922
55197 61480
62591 50355
55554 59397
58640 63496
58917 55447
57067 62811
62688 64066
58534 55587
59689 60670
61520 61665
61098 59137
56141 58076
54656 59933
54227 52252
61497 59317
63417 54685
57163 55066
53867 62417
59366 64796
60671 61634
53839 56605
63784 57029
54584 57633
58006 60331
62325 54748
50985 60869
60078 57920
57746 58121
54429 59573
52495 51155
62293 62783
60306 56798
61844 55688
50855 56555
64332 62560
51671 53156
60727 51680
56501 59907
60139 53954
50917 55930
54512 56260
53370 56651
57516 58176
58807 52841
61726 59156
54507 64488
63063 51464
50277 60099
52808 54559
52114 59231
60949 52614
56370 58248
51145 53436
51806 64561
53992 52967
61493 63502
52566 56241
56648 52131
64123 51483
60057 52407
55257 63068
63735 63408
63922 57004
51287 57590
52075 61067
54139 54484
55075 59033
59471 54060
63705 63396
60416 54922
56773 59884
63158 52770
55449 53358
63602 51371
64760 63795
54836 53852
60008 52591
52108 50715
64849 55352
53602 51844
50470 54363
61051 54659
59004 63818
57638 62279
56713 60005
53184 61154
50440 55666
60054 63869
56693 62982
61573 64718
52941 53901
51341 58162
53593 52411
57732 57738
54669 57408
61090 60652
50790 63366
57186 60860
60743 50975
55326 57263
52357 58897
53068 63652
56866 63854
56751 52920
57565 54513
64731 54173
50412 61111
55125 55555
64454 54495
57741 54503
57604 60003
62986 56202
63912 51425
63794 56918
53162 51811
62445 51615
58365 58207
50960 55674
61027 57965
60694 58469
58649 60441
54631 61923
52601 59519
51149 55342
57825 56443
58541 51467
63947 50334
61752 60121
50837 64616
52321 58925
56467 62451
56275 50877
59347 59130
53625 57355
63997 60870
60225 64075
62868 56799
50120 53623
61346 51088
63070 52429
63154 61230
54957 61254
57899 59387
60747 59559
56077 58090
51989 51887
57117 51310
51720 52641
52661 59211
53151 55046
58497 52712
54664 57990
61703 51513
56470 56239
63911 51841
57707 53965
53310 62492
58988 63777
61621 60820
57145 51947
54527 63230
55303 63216
51794 62457
54632 62351
57435 53286
64367 57683
58156 64456
53733 59213
53734 61599
58170 62852
62021 64100
60866 62144
64285 58589
59522 61701
61919 59984
55903 59711
59178 58487
50274 59087
57090 51285
54367 52739
62788 64351
54540 50441
55643 54090
51421 63319
60871 62541
64775 62996
64891 59403
50491 55158
52768 56351
58515 54049
62466 60719
58809 51226
59948 61297
55176 53461
53528 58584
54274 64482
62936 58190
59523 51970
62876 62838
50254 59318
54582 54450
58689 50147
52092 59679
55719 61571
61040 55933
59614 58608
54347 63839
53378 57436
58921 51717
62173 62258
58020 57730
61438 61500
64569 56243
59624 53653
64081 62625
53655 53817
52040 57583
54016 50158
51766 53460
58202 51075
61543 52596
51479 60658
52360 57819
61171 55455
60216 56181
55376 58478
53206 55536
58081 52946
61289 55216
60698 50788
58043 52850
60380 56106
60547 51351
62131 62062
50301 64704
55731 61150
62585 59996
63861 60130
51994 62627
64973 51876
57754 51563
63302 52503
58070 63495
62656 58204
50239 64516
55226 62075
61849 54651
58351 64194
54221 63273
59113 64152
58306 57134
61173 59735
52813 54163
52922 57980
59375 61039
61131 54885
52725 50233
52671 50261
63640 55486
64262 64046
50749 64064
52881 61137
52130 57346
64366 64839
63193 50471
62396 60725
62522 61925
62908 62921
55833 57601
52007 54945
57444 59507
53005 55528
64268 54833
59731 54177
60526 60750
56304 58728
51201 55524
62005 61811
53110 50272
56268 55341
63024 50677
58432 63433
63455 61401
57479 62160
58129 62884
52425 61025
50046 54684
62403 60724
59774 52861
60443 59447
59492 53037
52589 54228
56418 50276
58391 53726
59649 53182
55144 53813
57885 60617
59802 50457
52524 53025
60310 59713
61761 62608
58052 62008
61641 64337
51028 55464
53086 50231
56762 63009
62790 52187
54915 63682
63308 56579
55332 64926
60217 62651
59308 63098
51015 56912
61721 63156
57681 62422
64535 58247
55050 53736
53473 53886
55339 50679
54077 58767
58966 50429
61036 60238
50811 62654
56171 53334
58569 54152
56308 55189
56253 51009
52624 53889
63236 61681
63048 57542
56400 56689
59992 60330
50031 64279
61321 51207
55824 51569
58801 51583
51126 50341
62303 56934
50678 52703
50036 53716
55225 55804
52283 61139
56749 56028
59306 51627
63536 63471
60996 52878
54951 55725
58039 55214
57302 62203
53612 53320
63029 51545
54304 63984
64578 61220
53708 58149
63657 57127
60524 62830
56542 52109
51254 56863
57906 57607
60053 62892
56808 56953
59417 59064
51885 52988
59719 56787
52249 56091
59353 53325
64702 52592
56019 55033
52939 63114
62551 55409
63089 56827
53775 54606
61598 58906
59187 55328
53450 56014
56585 61092
52940 59108
57199 62805
51694 50236
61945 51704
61414 56008
63624 56746
56264 54853
56063 62687
51982 59406
57510 60934
52692 55362
56621 56843
60964 57792
53434 59173
62076 52722
53654 59453
50060 52426
59820 52310
52340 63043
55887 60120
51961 62787
62998 57378
57703 54413
59578 53428
54445 52835
56448 54447
50994 54366
62672 58283
59938 50750
54009 54509
57151 64864
54847 50263
57948 61433
62479 59755
59584 61157
63107 61878
60851 50465
50720 60000
58935 54950
54209 59667
52726 55330
57887 57333
61104 58413
61763 57146
54477 54974
55977 54560
61128 62478
50494 54186
61116 50808
57305 51618
52504 62975
61609 55035
64006 53497
62414 57340
56782 64387
56791 52176
62564 52879
51338 50037
59230 53402
58251 56639
63200 61968
50723 51833
59710 50229
60404 54256
63350 56899
64774 56027
59648 57365
55074 53043
63860 56647
53627 54995
58147 59926
58474 53841
62223 62821
58032 52650
57755 53346
50156 52377
50019 56246
64712 63851
56740 62818
50004 51350
57398 61451
51905 62528
58856 57774
51432 57231
61515 60572
62319 57672
63251 57257
58509 63374
58154 50112
58838 61123
64540 55378
64800 63677
53856 59777
62488 59652
55397 51904
56973 64340
55660 57536
55048 54753
60604 60116
54437 53023
59331 64074
58297 64527
54021 56630
57998 62098
59666 54175
52227 57838
51654 64571
54210 63271
58038 64515
50485 56276
63415 51923
60492 62570
61551 63583
61837 59298
64154 55300
57485 55168
50794 52672
61079 64088
52469 54311
64127 62628
53083 64920
51836 56029
56114 60467
52980 57091
56998 51461
58587 60038
51878 61976
53318 57727
50364 57558
58217 51291
50142 51087
62714 55898
53194 52444
56261 56577
57412 53204
60800 58188
63977 59738
54641 56683
57876 58341
55964 52437
63199 56262
59799 59302
59438 64176
61825 58627
61233 62314
57276 54769
59569 64873
54607 61552
53167 62132
58961 59458
51046 59144
52969 55544
62373 57407
62854 57078
55991 62724
55797 60848
59198 61548
51127 60899
60488 60269
54906 58021
60538 62115
64318 59848
53249 52609
58526 58245
50902 53357
56110 62837
52352 58448
58263 56236
54539 56554
54419 64240
62261 51796
57000 58560
51639 54401
58737 64853
53301 64653
50221 54289
54124 55169
50531 64506
53403 61871
64821 54971
53879 53351
62376 57080
60213 54162
63103 54814
58451 52378
58772 61937
54362 54868
56688 59405
61735 53330
54531 62701
61749 50818
59574 54921
55711 55767
59864 56344
51373 51229
53441 62366
60324 60399
56617 64566
62571 64155
52751 56993
56157 61191
64497 54533
63853 53929
60042 62700
52257 63163
55507 59236
52515 59821
51909 52127
57883 64211
64182 62133
55584 63621
53589 51262
61762 61959
58654 53259
55462 63326
54867 54839
58708 57364
63994 63983
53946 60287
51653 55071
64423 50565
61331 62245
62653 55941
64523 57777
63715 62712
64638 58259
59205 53882
55377 52370
51690 63314
57183 55800
59526 59374
64548 56146
57420 58452
61501 54322
57677 53828
60094 58106
50782 59941
57085 55580
56287 60148
54105 61320
58811 64888
54522 54604
62548 61476
53088 50040
52239 62065
59729 60630
61251 62743
63879 61015
51430 54807
52477 56772
59668 63827
57955 52422
60657 59061
56117 52262
53532 64226
60575 63985
62657 50176
57609 54159
51547 59267
58429 51357
56803 50077
50857 52696
61193 62504
55869 51411
52605 54070
53095 64643
61633 52766
62941 58182
51259 54941
56497 64174
62363 61232
63671 60489
54371 52885
60432 58629
60918 55958
57813 53668
57772 58794
53713 56185
56256 58289
64298 55625
62281 53467
56426 62588
62681 63613
53278 58316
54458 50439
62240 62702
55309 51122
52179 52542
55146 63135
50946 50093
62213 55260
58242 58303
57702 52391
57197 51564
61316 63726
55629 64204
61568 61284
58272 58893
61444 50160
61094 59855
57891 53255
63609 60382
60272 59588
55888 59119
62740 50829
60093 52211
58311 54561
61540 63287
53864 53858
61619 63788
64583 53883
50017 63151
50824 54383
56606 64203
59868 59715
53778 63628
58402 54578
54290 54987
64932 52189
60214 54168
56664 61965
52907 59099
50065 54726
50959 51588
61646 52670
54471 52369
58952 52496
52005 52758
59995 64311
50689 53613
64747 61921
59063 54074
62637 53106
53829 57517
63035 60359
59703 60413
58224 62535
63275 51039
53642 63578
60299 52901
57856 61030
61226 56574
58839 64458
61343 62336
51383 53630
50598 60557
55498 59295
60411 56587
59443 57306
60459 50520
62428 60714
52297 50181
60875 56173
50614 64302
61753 61419
60677 58218
59773 50442
58959 61119
64222 56409
53554 55187
53315 57413
64805 57384
50322 56883
57095 54988
60905 60291
62186 51437
52243 61902
52154 53354
64623 51993
64754 52774
61886 55472
56112 52587
61397 55240
58086 51725
59195 59279
62809 63554
62339 61013
59557 58136
60924 63359
50741 54569
62650 60037
61002 61958
60795 50722
59176 53761
64673 55694
60135 58208
52285 57342
59764 62869
53600 59753
52794 53187
54845 54198
56604 57589
54714 52288
58763 60967
55265 54961
61345 52400
59138 54459
61054 53471
62918 55370
58601 54870
59232 57286
56434 56760
58146 62891
53501 52376
51431 50131
60406 56447
56778 56645
58099 59831
58909 59199
62066 56930
63728 59228
51480 57411
57529 61855
52590 55061
64883 64688
58342 58145
62095 59515
51447 59182
64505 62088
51349 52171
52090 51156
58524 58555
53994 62900
51068 64881
55460 56109
51648 57831
59958 57743
56366 57740
56381 57147
58420 61428
57662 59334
59179 55979
62271 59880
60664 63280
62614 50841
60131 57875
63208 59967
64876 52287
50797 58898
52777 59444
55854 52334
60613 63607
57013 59258
62927 50864
55726 63186
50552 52080
62643 50116
63965 58621
56722 60511
51055 64201
55359 64023
63411 58481
57623 52925
58889 61317
57092 54292
58175 57996
63221 50669
51857 57086
61319 64110
57159 60297
62819 55848
59792 55129
61908 51578
54469 52889
52953 62980
51719 57956
54115 56021
57486 56612
64280 52586
64054 54621
62691 51925
58535 57686
64632 58783
53861 57006
55100 57308
62404 58110
55552 53902
53658 50633
56509 51987
61003 52217
51410 55107
63322 51990
51549 61629
55591 57695
55826 59704
54281 57913
52906 59175
53477 51106
57388 55288
53960 56251
51167 53421
60931 55101
63508 56644
52435 59725
61557 50752
58894 64664
55652 53661
64966 55612
60347 58373
59363 54930
57592 62235
63890 55088
51553 59373
53735 54766
50294 55041
61061 54394
58546 55699
62407 57537
61739 62394
58713 61149
51602 56556
56225 63756
61938 60447
50149 53633
52063 57908
51984 51974
63940 63258
57873 53648
60640 59605
59611 53145
53258 54682
55525 59209
58414 59853
56882 54057
51135 53769
63585 53634
60832 53364
54392 59581
55873 58888
64198 54895
62939 52809
54184 50620
56051 56482
57084 58566
56704 59558
60436 64599
57104 55706
50252 64801
51218 55921
52633 63061
61910 54624
51504 50228
55671 50299
62463 50226
51539 57488
51760 58127
50590 54355
56537 57009
60376 63796
55018 53772
61684 53762
58051 55769
53309 63295
54464 50055
51202 60972
61172 54620
54487 60493
50550 52829
53237 64875
55806 64831
52520 60993
62693 62690
57409 53109
61408 55646
61748 53955
56142 50606
64227 59742
57602 58965
53362 54301
52491 62320
50464 58158
56682 50648
62827 51069
63803 61311
63600 55492
51758 52734
55910 64370
50627 58282
54681 63460
62649 55193
57688 51979
60327 59497
57300 57733
55713 57550
62206 64032
52621 61465
62778 61189
58318 54962
63286 64309
59068 53952
53747 61705
52479 56721
52928 53795
53251 58554
50330 57492
53062 55110
53509 62862
53245 51600
60909 64647
62490 57254
63686 61820
54963 61751
51751 58187
63665 62792
60385 64215
57644 61743
62669 55065
57975 56432
51716 53737
52013 60350
59466 63523
61091 61221
62870 57925
60326 54960
60145 52126
50203 64392
59737 63744
54996 56957
55970 62321
53231 64879
60624 59981
62554 54393
63877 50739
57622 50511
51094 59459
55785 54143
58757 54936
59143 58498
60313 62556
58291 62368
57283 55371
56991 61569
52093 64949
59870 52677
58307 58281
51295 59686
53939 64736
58590 63309
58693 60172
50078 62035
53920 61854
50843 54713
64472 54324
61885 58996
62543 54005
60201 50523
64850 63670
62872 55882
61794 52844
55696 55981
60391 60231
56611 53190
56956 50583
53465 53238
57513 55411
50572 62156
53670 64352
52128 55687
62823 58840
64989 60610
59171 60517
51705 64031
56478 53722
59014 50030
51939 52600
59842 60345
56548 60448
56820 53645
50212 52260
61265 54738
58567 60731
63732 59259
64828 56603
62302 64915
60558 55276
52004 51059
62789 62069
60117 59341
64686 51915
60273 63928
60534 64746
63036 54808
52776 63140
50512 54342
52412 58769
57222 51353
57440 63800
59235 64546
59052 61204
57932 53978
53246 52610
54400 64369
64895 57102
57428 51163
52623 57088
53105 59128
53072 54314
54247 64508
52038 52174
63382 64375
54240 63481
53818 56331
57101 53760
64680 61243
63719 54075
62612 59491
50780 52530
56521 53938
59832 56421
59623 53006
53838 55975
56345 54716
60151 59539
62864 62599
62676 58597
54900 61327
51213 58000
50895 64901
55795 59601
52354 62806
59856 62751
64244 52359
62140 58073
54689 50479
63967 50130
52854 51552
59537 50430
50135 63456
60371 59827
52212 54634
63243 64159
64748 64467
55608 52258
57025 58171
52215 56172
60224 59708
60989 61656
55204 57148
61471 59699
56140 53777
60893 58331
59035 63041
58339 53427
53572 54872
57193 59142
57294 51965
52699 59488
50230 60602
53779 54344
56012 57598
56921 58116
51223 50295
53221 51197
64635 50706
64539 56229
54010 50993
61360 55086
61322 57036
53611 51379
60388 64212
57220 50347
63620 50349
56224 56233
56821 60426
55799 61987
53921 52916
57690 64389
55617 64384
62992 56292
50242 50569
61793 56359
55786 60874
55655 50003
55925 58062
60528 64275
52085 55410
54693 60986
53128 63431
61136 60676
50251 52806
50871 53235
60643 64148
51348 62477
50213 60338
53099 64084
61231 51024
51497 62882
60548 60045
57665 64249
51972 64347
53141 58347
51753 62664
50501 62019
58071 59594
52982 55194
59610 50809
53429 52947
63180 56732
50683 62023
52456 52487
54708 62272
52569 64934
64188 61194
62573 55148
56928 53154
59284 55885
52700 53438
58287 62545
64291 58233
57221 63555
59328 53991
61555 52453
58369 63848
59865 55670
52052 55261
59727 55744
62696 55947
52375 58477
54207 62544
57712 57189
59025 63253
61512 56750
60512 51049
64020 56920
52541 63133
50148 60498
54130 55208
62378 63758
57750 62879
51874 56237
61140 63807
54377 64362
51385 53536
64457 60343
62981 54189
60859 53104
55213 53297
61180 61455
62987 50849
53876 52710
53092 63459
57637 50217
57957 50862
59238 56960
52480 59851
59961 60251
56462 61764
62323 57573
55690 55537
60433 56530
61395 59911
59168 64657
57808 53499
60463 54359
61029 60245
56250 58336
50848 59902
60995 63573
51610 56896
56539 54501
59514 61207
63403 62381
59562 50072
64935 60788
56318 63864
62845 57979
58019 61045
53744 63952
50651 51797
53053 50447
52799 57642
59352 51459
57208 50069
58545 54167
62435 52547
64732 62496
62756 61118
59017 60772
52798 55849
51941 53336
62638 53285
61892 50192
59440 52350
60763 57612
59921 64605
62053 60638
57121 55231
62773 52926
53273 64894
54381 52987
54457 50830
63365 61757
58594 59723
58377 51611
51183 51525
58345 55246
58585 57570
62727 63042
61942 57049
55881 59778
54751 51473
61453 63520
56805 61769
58269 63990
52160 55916
56833 62172
58210 54731
62031 55475
56307 55170
50357 62803
64654 54153
64786 60090
55023 64896
62763 62604
60518 62875
56687 56303
62540 63832
53993 53060
64166 57898
64476 64852
51693 61020
63463 57383
61372 60815
62542 52949
64359 50659
64470 52134
50556 54570
59135 51062
52016 56043
53575 54368
64768 51827
63841 54448
64303 57192
58647 54523
57126 51290
52811 61983
57153 59360
52538 61392
51617 51100
52419 50691
54270 54883
52998 50652
50284 64063
56666 62557
56226 52647
51498 52989
64631 57539
56163 52741
62988 59728
63337 50462
54741 61675
60842 54585
62161 57523
54214 51345
62256 55363
58848 50497
63274 56873
64683 58876
61626 53635
57022 50328
64871 63634
53913 53700
55914 62275
61350 51337
56794 52704
60510 64253
56702 54725
62991 58872
58822 57381
60631 54293
57579 56180
60199 64141
62878 56274
64150 62029
58955 59448
53797 53222
50292 64735
51311 61526
54639 56857
63437 64617
64512 64556
63218 52110
57912 54357
56952 54067
56935 62251
51672 62577
51078 63332
64751 53505
57933 52096
52138 52724
63220 60623
62810 57328
58366 64022
56347 53410
60965 61990
56368 64313
52241 62197
57350 56923
63783 55029
54476 63059
61915 50674
60157 62266
57572 53751
56590 55830
58195 59420
60537 54953
57396 63065
50760 50977
64785 51621
54382 59570
52057 61796
64171 58748
58776 58044
61564 59196
59382 56758
58991 63729
55895 50271
53544 53316
53129 64994
63760 62934
59505 60936
63328 64335
55562 54099
64931 63015
62003 50182
63926 54182
55820 64448
63852 61760
54937 53183
57499 59188
50289 63769
54964 63269
64451 52986
64813 62705
55842 56244
53644 64246
64939 62858
57997 61208
54463 57391
50321 59376
57632 58249
55001 51988
51315 58681
50235 56944
53281 50736
56715 60507
64885 57995
61335 51098
50983 61519
54834 53419
59860 56924
59296 55728
50035 52181
55268 51112
54452 61017
55540 63662
54786 54116
64959 55290
55367 57099
50126 62472
59759 61382
56831 61525
60290 57765
55997 64614
53878 58823
59660 55733
51616 61843
59757 64699
61623 57493
54330 52428
53614 55590
60079 52723
53214 63537
61304 52931
54059 59380
62401 62370
55084 51663
64936 54763
55353 62471
57175 56254
51515 58467
60363 63938
58165 62137
51120 56667
50319 52275
60070 51326
64058 54144
59741 54698
64125 51679
50555 56463
61482 63734
60854 52296
52424 51900
61630 56139
52383 62257
63083 51916
62384 55327
58542 54185
51595 58808
50486 53727
51180 53247
55380 52954
61850 60096
55531 55198
56596 56189
53462 62861
56299 56164
55681 52353
60113 62562
53475 51113
60386 55886
53629 52597
63617 60644
53268 58068
59646 63312
58181 61435
60948 53984
52560 63887
50951 58646
55695 64971
60477 58424
53387 52824
61214 62297
64251 63093
57684 60703
51579 56824
55079 59606
57882 58540
64581 52845
61771 55712
50281 52365
57063 56817
54768 61852
58492 54857
61323 52420
56039 54591
53857 53874
52865 63291
59116 59324
59254 60332
58335 51787
64047 60782
62745 64320
53584 60253
51453 52831
59861 55105
51097 59975
50532 52975
58382 64418
51450 63490
60938 56875
60841 50480
59016 57554
60728 57735
50813 60068
56858 60185
53810 62719
58671 59637
62353 53339
57571 64870
59563 51825
63379 64156
50151 54351
52868 61499
58525 52291
57463 56869
52194 58368
59854 55137
55126 56214
50104 50733
52846 53833
57506 62640
51209 57507
51586 58063
60357 57217
62110 55233
53594 61001
56593 60373
50185 54815
56733 51986
51538 53907
50803 61340
56007 57278
53203 60549
57954 53080
59795 64626
50191 64584
60193 60804
63182 58672
64656 62889
60228 56348
51608 50859
53199 62995
60796 52313
63948 55658
62268 63012
60740 63590
51944 52499
61584 52156
53139 60059
58628 53405
50753 58141
58088 56101
60049 50935
63073 57273
62016 51973
63872 53328
60453 51074
64485 62106
61969 50184
51110 57397
54211 64368
63213 57530
64432 52159
57699 56016
63197 50413
59956 56518
54776 50727
59269 57246
62624 50847
61587 62516
64082 56580
60586 56595
50860 54701
58349 59095
61461 51883
57569 56759
60398 62725
50601 56567
62032 50225
58940 57553
54856 51056
51714 64510
60044 58675
51134 59533
54261 54703
62141 56137
60075 52631
52269 56496
54919 57387
50945 63064
53559 50892
52466 53494
61046 62449
60508 59012
54349 61440
56902 54127
55691 63533
57634 57951
60812 64594
50535 64255
63773 50391
51166 51824
64284 63037
55340 53596
54064 55742
61367 64388
55624 52944
59319 52190
54589 56846
58302 58538
60813 62123
54592 61211
51403 63316
50640 52498
54628 52439
58221 59671
50629 51565
61967 56290
62839 52505
64917 64010
53520 61381
59712 54123
52248 61454
63549 50574
57258 64980
64455 64372
61865 50645
52086 59289
51605 58774
54466 50990
51932 62051
52368 53391
54494 58260
60992 57267
50032 64568
57708 57848
53531 53977
50643 63749
50540 52921
59993 58696
50329 50604
56168 59962
60499 56294
58142 62298
54657 51033
64408 57826
56221 50765
50631 62487
52315 64795
60298 53001
53449 64109
63958 57764
58447 62648
50534 54341
50949 60525
51399 55911
59749 59912
60154 57726
55299 60642
64207 54697
62586 52595
55385 51138
54637 59521
58243 54030
50586 64425
53622 57994
52318 57524
64687 59707
58743 52175
51673 60914
62990 59732
55707 61115
61182 50224
54262 60574
56569 62609
54286 62292
54646 54151
55222 59544
50085 61972
57915 52185
56255 61694
57107 53383
51077 63334
60387 57432
54335 63815
64580 50507
64972 55019
58179 55154
50016 59340
58270 60016
56150 64062
51045 62985
53515 61523
53945 54917
61332 60550
52951 61920
51374 60950
56445 55155
57704 61710
61330 53906
56829 58781
51184 63247
63342 53342
55133 55016
57892 61677
59794 50137
52300 60293
54251 61988
57780 60615
52535 53681
57718 54517
54276 62517
60849 64483
64685 51377
59372 58773
58455 50559
54085 50874
52519 64909
52508 58942
56764 56419
59071 61375
50696 58818
56663 54318
59503 58963
60006 52730
57785 59879
63706 56951
62215 54749
51886 53985
58583 62344
58238 57262
63071 50756
50771 56657
62399 53815
57671 61004
64097 53997
63968 53695
50474 62524
57449 64008
54023 56178
61663 58867
64393 59023
55890 60087
51169 51210
53096 64633
57969 56322
58344 50408
50386 63195
54055 56769
51519 60361
57901 56528
55743 64345
53232 52465
62437 53376
53895 63033
60289 60226
56490 58506
53108 62082
52238 62777
59290 55876
60600 60353
64928 64970
63810 58401
61269 51054
61801 59786
61683 62644
58313 50828
53067 50593
64057 64716
53854 50114
51747 64798
61035 61900
58789 61627
64237 57392
56549 64965
62770 63772
58576 55837
53571 61464
50196 62364
60232 52958
59067 54653
52446 58570
53847 62983
60450 59442
56176 63970
63479 51581
51817 52333
51813 56424
62697 56983
63532 58630
64867 61155
51670 53690
61176 62584
64995 51381
59177 56890
56540 50214
52345 56041
61466 58941
64205 58205
62723 56563
55070 51339
50171 50398
50622 54989
53615 64185
50310 54278
62354 64822
54424 58123
54661 62733
52035 60894
53291 51157
63289 62904
60275 52380
60963 57790
64412 54338
62626 55917
55883 57917
55009 55558
61934 54645
56727 53352
56033 64135
50207 59059
60952 57649
51502 51943
59073 55286
55195 63013
57164 60097
55913 64052
59465 50033
56602 59013
52237 64338
53435 50791
60809 56059
59207 57854
56615 64610
54999 59003
54991 64468
53799 54801
63021 57992
55791 57843
60396 61946
54568 61608
57518 53146
50635 54810
61042 62970
62452 53942
60390 50455
62546 56616
54978 64834
53374 59335
60505 52731
54136 60027
52213 64289
59078 52580
54331 64048
63885 62074
55851 54505
50805 58753
55884 62531
54307 54230
51556 53098
57682 52790
57817 57909
57155 63436
61234 54414
64312 51842
50105 56441
57198 53394
63248 54235
51066 55294
54052 55196
62460 51329
59816 50732
57724 50318
50029 54220
59873 54574
62521 50661
50961 53089
57279 55905
52909 56551
56415 56200
56919 56196
53766 57563
63765 58358
54933 64794
64981 57050
64726 56081
60827 61576
59665 64460
53999 52784
51269 61377
60394 59935
57089 59589
52140 60480
54746 59857
55640 53298
58014 50001
61301 58837
60755 64705
61635 53692
63987 61290
58890 61086
55461 58480
62746 56024
57058 59149
64235 54204
54547 64354
64521 64037
60446 50634
59776 57852
63820 58764
61516 59385
60946 60294
59104 51131
63789 64606
51193 60634
58875 51664
54263 51258
60358 64710
56148 64811
53887 54718
54562 53949
64957 62877
53200 55637
63111 64106
61625 63816
59080 53493
53562 54897
53674 52787
51248 50333
64625 59812
64434 57845
62844 55768
52072 52240
50164 59541
53066 53144
56158 57070
59697 63303
50467 50743
61984 58756
63905 60559
51764 52828
63570 63763
50636 62602
56583 61601
54132 64056
57260 63988
55052 59291
58644 61511
56372 58066
55571 63778
55582 60419
50938 51744
61263 55717
56385 52950
64092 60420
50762 64236
64260 50840
51903 51041
61165 63636
50469 60470
54423 61750
63340 51991
54226 52897
52129 60865
58855 55648
61741 53855
50094 59312
60599 61836
61169 63026
62011 54980
51976 56125
61109 55164
62832 59691
51508 54796
57675 53437
51317 55493
64530 56852
59968 50489
57484 60235
57120 61049
53004 59422
57821 51880
60753 53573
57027 62549
57597 64562
57958 51981
50378 60270
62277 63467
54224 50933
53350 55166
62222 50446
51851 53042
60191 58581
56765 60212
50607 57042
52050 55253
60839 54511
61200 62233
53548 64465
62518 53283
56529 62713
58531 55090
61655 54265
55740 54166
59107 60867
64027 63761
50502 54212
60166 56227
54111 56127
50909 60183
54674 53609
50278 50047
53928 63882
53432 54269
64525 62863
62434 55999
53302 52276
54259 60352
55426 63327
55051 51826
60244 52858
64069 60752
54824 51321
55599 61125
62224 57173
59767 62817
61044 52008
60405 56278
52974 54403
63181 63989
62883 58425
57923 54343
50637 55401
61485 52483
61468 50763
59325 51365
64049 53379
52476 54246
50487 64725
64494 59684
51247 61687
57616 59249
50692 62482
63612 51603
59801 52044
57520 59925
54986 64840
59549 59745
57976 52716
60521 50656
58028 61786
58017 61814
50730 50787
59344 63099
61676 58128
50654 56964
56588 51996
50920 59682
52384 64740
56838 57281
50045 57953
53578 50746
51177 57111
57859 56495
54465 52803
63288 57911
50249 53474
64466 60118
58852 63712
58215 55835
60274 56199
57046 54625
56153 62383
60047 57877
64192 53773
50616 52455
64582 64385
54271 63659
63475 57759
53049 58504
61352 50599
58323 63915
52311 59955
62150 62721
50057 51866
56328 61804
50757 58285
62209 61205
56893 53050
56032 50766
63906 63476
56941 59909
57658 61402
63635 55771
51079 51707
54596 63539
57824 52123
57763 63785
56089 50844
55457 53356
59987 61517
56818 52648
52169 56402
50724 61366
56128 61686
56398 56215
58173 51006
64911 54920
52320 52463
58919 64473
60071 56510
51652 64463
57608 56719
53400 51128
64707 55667
57723 63582
57303 63619
57789 61602
63204 62695
53244 56607
63461 56696
61470 57639
58777 60495
62042 60960
61412 61073
57850 58009
54183 59937
58471 63487
58883 62674
59274 54319
53698 55186
63939 61935
57205 50428
50115 58596
63168 52763
54160 53963
62834 57938
52303 58633
63566 64390
56056 55037
56217 59705
55220 55468
52579 61333
53126 64133
63797 64256
50018 50924
51934 55180
55123 51533
60823 60764
54712 56785
55298 53366
59158 52485
57855 63483
62575 52611
54759 64274
53355 50542
54375 63904
58552 57902
63166 64987
60267 51495
59631 61256
64206 59676
50581 60266
54076 64341
63733 64624
61659 51724
51635 61102
58715 52062
57936 58105
62252 63917
51178 50703
64496 54190
60535 60062
52021 63787
60545 53893
57162 54121
54287 55985
54107 52274
53412 61083
64197 54790
64991 54454
57842 64759
56598 56763
50854 53165
51642 53821
57700 62262
54073 62847
54109 59869
50967 54084
56742 55234
50906 61374
63779 64797
56984 52669
63179 63881
51071 55228
61877 63226
50890 51227
64773 56121
53694 62566
59401 64586
59915 64034
64405 51036
57714 59383
57130 61995
62409 59769
54761 64689
56974 55038
60685 50603
53950 63751
55159 51171
54433 53022
52484 61670
52095 57809
61579 60580
50804 50664
52830 63975
60344 59733
60004 52555
62309 57748
53808 51812
56877 57508
51151 53849
52584 58800
62345 55386
63006 60423
64219 50610
60001 50872
51012 55115
62448 61315
52266 57339
61281 54750
50783 60744
51369 61696
59722 64436
61293 63793
59304 55919
64806 51168
59402 51731
52834 57534
59695 58031
56483 64537
55548 50900
50549 56065
57232 55857
50361 62946
56876 50510
61133 64007
59153 54114
60956 54042
61134 58213
55572 54134
58778 55279
63203 62067
59663 60940
50011 63696
64576 51449
60665 60501
62950 52823
50312 58476
64491 50851
54192 52155
63270 60699
60639 63782
60921 63695
52914 50822
56642 61939
54581 59379
55244 63139
50806 53284
61808 53597
64854 55938
50777 61689
62362 55553
51571 53919
58533 56534
61065 51999
50379 56130
63351 54573
53191 57660
59673 57795
52955 61097
50163 50023
59450 59024
60455 58418
51849 60974
56023 63742
53218 53732
54472 55739
64210 54172
60939 56815
55481 64588
60466 61803
61432 64874
59388 64550
64988 57410
51864 58220
53711 61299
55753 56422
64070 54752
50215 60912
61038 58580
62655 55920
51637 64413
52492 59411
62709 60955
51302 51656
61158 58615
54498 62555
63527 54955
61639 57580
57959 64077
58094 50926
51591 54572
57770 50768
57216 60844
52099 61620
50067 52214
50448 63713
54835 60735
63081 62282
54518 58117
55874 51401
63611 53840
55926 64698
56680 57469
64793 63876
59451 63714
63192 60204
54538 52115
61806 56413
57471 54702
64841 62041
63264 56913
53649 52539
57834 52843
62054 53399
50953 56916
52471 61583
52026 60351
58065 63944
57337 58548
63067 55395
56234 56396
61181 56908
57112 54903
61389 57603
55802 54456
53119 62361
64073 52502
62820 54257
60349 59597
60247 51835
57782 56439
62108 61376
58092 64492
52051 59582
64658 61409
60612 58682
64826 52228
51995 56655
54147 54385
55369 59219
56996 53890
53632 59929
63254 57287
56484 50907
50878 57452
59845 61868
59467 51397
50208 62903
61679 62645
53652 64749
57946 54576
60583 55136
54233 58953
63450 54053
59439 62526
50463 61496
64572 51463
63121 54938
57945 51170
51930 58725
63584 61851
51308 53599
60055 50759
57872 55862
62350 64142
57272 59172
60333 52071
59951 51052
64168 53603
56160 52478
53123 64122
60919 52773
51352 56608
51645 53931
60105 63610
51929 59859
57334 64059
58463 56468
62800 51658
53521 55120
55513 54106
53904 50071
54316 63336
54282 57849
64286 63956
59461 63219
62358 58761
57116 50159
60814 57538
58340 61693
62026 58880
57549 50174
52616 55585
56300 62184
55466 53922
50199 63616
60366 57862
52145 54551
61052 55325
64855 59730
55057 51649
61614 62801
60284 53036
50834 61425
54435 54852
53814 57500
63494 60828
59596 58591
63222 54947
50136 52735
55250 54323
55347 52309
59359 59197
59817 54608
64234 57377
50459 61695
57594 55987
56213 63056
61477 57758
52701 64336
56570 55809
53368 51908
57385 53132
55735 61008
64742 60594
50845 53317
60520 61535
51182 58551
55951 61404
62343 56911
50774 57620
50154 58749
58853 53217
59038 62641
62960 56718
60451 56623
51950 58397
62468 63430
59512 57666
59489 57139
51597 56314
59645 51236
54241 59535
56703 50339
50786 59530
62017 55943
62979 53026
50582 55230
60947 57661
54171 57937
57907 54364
52752 60315
58130 56527
62476 51320
53605 58683
62097 52467
52032 58280
61062 62703
50368 55152
51910 62717
57296 59990
57673 59838
52053 52527
52814 51907
57685 60210
60880 50427
53488 59431
56174 64761
50297 58464
54894 57386
56325 59449
56457 61765
59096 64604
55334 57280
50630 57851
60340 58486
64982 55653
60064 59536
57614 52608
59862 59633
50305 55181
61498 50482
55965 62121
56834 62159
53637 54990
63969 50200
59132 52509
61729 51752
58169 50139
62007 57367
50499 64357
60958 58267
53826 61685
60882 54818
63345 58390
61272 59093
50642 63060
55782 56847
64471 62205
54846 51587
63959 55586
63025 57414
55124 58998
62117 55360
57456 54337
60863 58865
56725 52748
50414 56259
58226 64507
53122 54549
52206 52626
57468 50406
64086 61421
50103 51845
50417 63862
53007 63434
61162 52242
57986 58034
53721 55393
55647 56752
50492 50810
54312 57483
61456 64779
55974 63833
57515 62620
57820 62951
54094 60785
60106 52656
54727 50422
50964 50528
58355 53082
60302 59280
63954 55899
50326 59892
50838 54912
62677 60051
60342 59479
59193 55211
62099 64799
60257 56355
50382 54474
59781 50814
55896 54249
51622 61904
51116 62922
63018 50815
52937 60780
61864 57944
58230 58197
59714 57418
54181 62196
59986 58784
53269 60364
58521 50042
63474 61250
60957 64543
60320 53097
51754 52261
57567 59482
57304 58586
56907 52552
50628 63615
64585 50096
64117 62243
56061 58069
59159 62326
50819 51971
60560 64343
63991 54485
54365 60240
53753 53075
64559 60412
51889 50567
56493 60981
60417 51035
58042 52848
59081 53045
54699 58405
55383 53213
64727 59724
60818 55322
57631 62169
59982 63873
64942 62382
56613 62633
51496 60825
51394 59010
55755 62360
60579 58229
58439 64184
58264 64474
50518 61790
53981 58199
52963 53372
54875 51023
64717 59904
59959 50362
64574 64948
59077 53439
56652 50684
53853 53891
61798 60749
54733 64545
60787 51232
53279 50133
57349 52317
57853 50686
50222 59275
58078 54279
62938 60392
58971 52006
64646 56950
58161 62278
51319 53784
51927 58398
61023 62711
62328 50100
61610 55748
53706 56179
59590 60846
53707 58022
56151 51255
58074 52031
64595 60561
61277 64333
53170 57285
58635 53287
64639 59780
64014 56000
57399 54297
63935 53112
50373 59357
54993 51082
58650 57425
63214 54528
53262 52452
52197 62175
56330 51037
64730 61529
60693 56646
53550 50881
56662 55900
62505 54705
63588 64558
61442 54449
53624 51387
56049 62220
61933 60104
59917 64278
58493 52324
54690 63845
54072 63916
56458 50551
50876 56975
62299 50162
62090 50404
61954 56138
59545 64520
52188 57783
52386 59775
53643 52178
60793 54724
59893 61880
60206 64542
59716 54558
62253 52158
62060 52173
62119 53159
62501 54745
64321 63300
55320 53910
51614 54571
52462 58512
50655 58240
53801 63909
50267 52992
64847 53458
62955 56193
60506 58385
61337 55932
52018 53076
55297 59223
50700 60691
60687 52229
62459 55113
64953 57015
60711 62461
51890 62397
57543 64692
61738 59922
63551 56149
57395 59702
62136 51002
50490 57190
50177 63542
60595 59836
52785 51458
55784 57299
53018 61422
61257 62752
51727 62046
55474 61306
54036 57446
57971 58793
61734 58327
61353 52540
55603 51441
60897 58102
64165 51327
50146 58507
50113 63666
57722 62698
52436 52571
50243 63296
57605 58734
61711 58792
64601 62211
51018 56100
55490 57615
52443 60444
52663 63165
60817 53027
60311 60402
56710 62300
50436 60555
56671 54379
54830 53621
58015 63707
51828 60692
54275 50948
53363 55059
57694 60819
61597 59517
61839 61069
53091 51446
53448 55270
53373 57968
55935 63606
51800 54174
64524 62400
58738 51554
59607 56317
54097 52675
57371 57521
56258 63874
57002 53618
62610 54044
60913 60632
53015 64172
53767 54609
63663 56459
59787 52385
50558 62824
53620 59577
54410 54616
54700 64281
54758 57400
57354 60544
54879 64443
61866 56987
53349 62913
64862 58648
57476 52525
56720 56187
60452 63830
58720 55132
55593 59457
58522 64277
50397 56830
56131 52371
61206 59945
55956 61712
53381 63541
64119 51034
54129 58029
52826 62438
60069 58096
60279 59924
63651 50015
54648 54402
59678 55156
57919 56795
54048 52619
59547 52431
55915 50250
56191 52430
52952 64228
54112 54155
64139 61996
50921 58592
64499 56771
62304 57157
60840 55967
55715 60584
58120 50613
53480 62436
50337 60683
64003 63320
51469 62506
55068 53704
51050 62835
64221 53976
59045 51090
59463 58836
50128 51682
56597 54655
62469 50173
57904 61882
63821 57599
54799 61817
61271 59947
56728 51937
64765 59152
62495 50690
51734 53070
56936 56118
64618 50359
56386 51011
58041 56653
53785 52355
60778 55950
52147 61574
54428 56170
60141 54577
58461 56848
51196 54352
51832 51125
57560 61931
61418 62917
53835 58191
54225 63586
57066 56922
53272 60932
64519 52706
51089 54992
55408 56030
56686 56011
56707 60177
51477 59928
53591 58109
52489 52323
62367 57087
64199 52743
62999 56336
58018 50484
58356 59039
54675 51439
63128 55502
58821 58529
56881 63896
55229 52139
51534 63388
64941 50893
54378 54216
60504 53809
59766 53189
55345 52943
59091 57771
51596 59843
51107 61270
57024 57929
53446 50258
51589 61953
61473 61252
53805 63982
61974 52994
64713 52529
50403 57244
61264 62405
61895 61758
59918 56900
63080 64187
52793 51137
60896 56568
63465 56705
53220 60010
63285 62769
59392 63171
52163 55669
58319 59627
61238 63843
56557 55621
53174 51559
53120 50025
61779 53360
62895 56057
54855 56650
56266 60635
64804 50022
50508 64137
50385 55523
56498 61940
61784 53160
53587 61460
59047 62200
53011 63442
59252 62503
52182 55102
52043 54797
57648 60979
50197 64220
60837 64287
53243 63957
51735 59685
53524 53930
58892 50304
56949 50925
57624 54197
50332 52557
59833 57532
62181 63096
60757 55308
57423 63701
60845 58562
56699 55063
60533 54158
60765 60431
63057 50957
57766 61873
52234 54006
50481 62230
54588 58304
56990 61657
61146 61662
50498 54496
57833 63084
50541 52819
54088 54546
57566 53103
53525 56736
58386 51057
60847 56357
64098 53304
51831 64400
59474 55816
55676 62989
57893 51542
64250 62055
54998 58603
59407 51737
52390 57967
63511 54913
57291 64292
61144 58408
59824 60476
62456 64690
59989 59435
63175 54767
61407 53812
59390 61342
60184 61875
50061 51423
51742 58706
57596 64844
55983 57203
50260 50188
55425 51093
53782 50437
52449 50327
54108 63355
57450 54387
51870 60485
62534 64079
55841 60876
51517 50320
57657 54590
59455 55982
62782 56514
61973 56338
52837 60760
63971 64835
52575 53641
61458 55278
57960 63672
61951 51911
50460 56729
51001 59709
53850 64681
54537 52636
50608 50287
64958 64781
62255 57266
59819 61858
58788 52851
61394 56113
63150 56776
57160 59612
56506 53047
54339 58527
51829 56690
64598 58296
59166 57544
59657 55628
50132 57215
62393 61307
55183 51347
56301 56288
63053 52917
53714 53158
62846 63974
60628 56872
56619 61287
55182 62765
52157 64149
64181 60033
54819 64833
58083 59540
52103 52721
52510 59498
54649 56861
54791 60367
55404 59255
53169 53582
62234 53579
58279 63748
54521 52655
64272 57475
51633 60088
61733 62216
50888 55618
58964 64721
56242 53241
61481 63908
54629 57610
63605 51484
56265 61209
56099 50639
56965 51762
53749 56403
62374 64225
58620 57442
55258 64755
52413 55736
63032 61816
55704 57237
50109 53972
60472 56097
63394 60712
57041 54062
54709 58661
64547 54037
61285 63770
55616 56638
59963 62685
58833 55400
51543 60013
60633 53085
51363 62248
56633 54395
51574 58422
56074 56384
58454 53968
56107 61259
55248 57535
57557 58337
57869 52867
51998 57928
53764 60529
62937 57680
50850 54784
54969 61363
61253 51713
58517 55626
55022 55787
58795 52165
54970 62114
54069 56249
59630 51468
60824 58443
62532 55430
50932 54728
56392 52121
54828 51953
54205 54022
53270 63260
59469 61960
60729 54832
57943 54583
56524 61690
61383 57336
59251 63650
60794 54089
59643 53610
61196 59700
54280 56754
58864 63152
55428 53133
58457 62244
62247 55760
57745 50419
58810 60985
64579 64553
58155 64522
59677 57390
63768 64964
52997 51487
57575 58976
52416 62287
52938 52698
53791 62423
60546 56853
59965 59511
59083 57268
53215 51640
58354 59910
62219 56289
58256 59181
63281 53546
61979 62142
59625 51144
61427 55734
56532 64772
53519 61699
57210 59586
64158 54863
64961 62617
56219 63052
59568 51276
60195 62632
54615 60606
53392 55221
62634 52654
59054 60482
64956 60978
56206 51146
58472 63387
51755 52475
64055 52405
60597 50897
54668 52270
54643 52866
55549 57473
50738 60975
53177 61147
61822 64116
57248 64136
55313 51234
63005 54860
57389 60084
62580 51409
52290 53725
64887 53979
60997 58384
57991 60227
61594 58212
56932 54086
59587 51856
62273 51064
60036 53180
56627 53843
64573 62187
54232 52915
61085 58392
58166 55200
53980 51005
57293 61950
63196 64173
53689 64557
56669 58573
50735 55613
55875 50553
61561 51795
55177 59136
60761 56668
61373 62276
63525 57096
55077 53556
61262 57035
50387 55020
61348 55928
51520 64504
60908 54844
52289 54652
53069 54483
55563 51500
52184 54396
60614 63950
56471 57806
63134 54119
63998 59327
53115 62094
50742 62592
51789 52883
53202 62155
53017 58641
54543 54565
60636 63918
64242 55949
57679 56298
51021 55993
61167 63637
64061 53118
61777 58834
59900 60288
54188 51416
63731 57528
53469 63399
57250 63594
54865 59953
51323 51612
61554 55861
54876 50711
51793 61813
62084 58732
53677 51921
58410 51562
55801 51267
64694 61328
52457 55605
54206 54734
64373 64878
64711 51912
57494 50255
64319 56535
59200 56004
50554 54272
50049 58873
58931 57419
61731 64151
57052 51158
51031 60722
57576 62963
61558 59609
56192 56205
54140 53028
58882 61099
50952 53130
50216 58553
62183 56340
50672 63349
55929 50268
55093 60566
61026 60663
63903 63007
58660 51960
52660 63622
54223 63279
52563 63972
56874 60864
57005 58196
53676 55823
63804 57941
59809 60730
62301 55792
56624 59603
54788 59811
54793 64720
57896 50026
53205 60023
60129 50879
61379 55529
52118 58520
56586 51393
61876 53728
52012 56594
64486 50352
59784 54222
51846 52339
62491 54390
50402 55639
64963 55858
57522 54056
61650 62804
59744 64420
57282 64232
59815 64829
52528 55853
55927 54723
59029 60490
60328 52361
54848 50266
55889 61562
61952 52482
63973 62944
64882 51263
59850 62152
53567 55880
63811 53831
58268 57618
62071 55836
51859 50500
61145 54890
63552 63899
56183 54812
52888 57324
61544 62734
53084 57265
53541 52059
62446 57375
61828 52875
60681 54802
54018 60368
50021 55852
58234 55024
53476 60769
61420 54199
50282 54243
57376 52372
52167 59393
56658 60316
56629 60799
52091 63764
61666 61071
63469 57168
51332 53666
52432 59007
62561 61024
54636 62741
51020 60397
54891 62916
53948 50934
60741 58295
54710 60678
53127 60073
53029 52801
63949 53514
51266 60767
58977 57082
56947 54117
54283 53313
63194 57458
58363 55532
54829 53885
62228 63330
55289 51324
51376 53124
50343 52066
64905 59674
64837 54237
55909 51967
55417 53148
53540 55750
53846 55980
60654 52306
61706 55863
64924 58619
56263 53411
60668 57169
60017 62665
59740 64422
59818 56591
59639 58232
53226 63283
51681 54985
53417 51524
64802 56020
53292 61714
61295 52399
51435 61101
57768 53990
53872 56062
62241 59163
54676 64276
59131 63755
59323 57438
62283 54231
59762 53951
51456 55633
57784 56407
54300 62925
53897 52521
55056 58072
63406 64669
57359 60713
53430 58673
61244 63688
60110 56783
60943 64565
52860 62887
52292 60771
52565 51551
61127 55870
52348 55500
61648 60086
57625 62270
56291 50623
58572 58819
59895 64305
52461 61248
57803 52256
58300 50950
60759 60465
51790 61509
56145 64703
64857 57360
54888 56709
51147 50315
60494 54510
53868 62388
57978 64300
53647 62623
60808 54881
51949 56094
57706 50842
50201 63233
57490 64950
61963 58375
59480 55575
51601 52102
56726 50789
51834 50286
50247 51568
59805 51096
57177 63546
61669 62052
53453 63572
58739 58986
56592 58666
56708 52772
55131 60888
53892 59887
57587 53824
64479 58143
64437 54461
50125 63681
57939 59534
61278 54827
58877 52125
57568 57713
64452 54481
50155 62485
53150 62126
58694 54388
53729 51231
61607 58791
54647 52543
59604 56321
56076 57166
50179 61604
56756 50823
58211 60527
50345 58324
53717 50399
56979 56092
60616 58275
